"fips","county","state","days_from_start","datetime","log_rolled_cases.x","t0.hat","tau.hat","predicted.grf.future","predicted.grf.future.0","predicted.grf.future.last","Predicted_Double_Days"
1001,"Autauga","Alabama",449,"2021-04-14",5.37395478075366,-284.688567070621,0.00739937898162981,5.48063541511586,5.42383504133215,5.42575043362507,93.676399368217
1003,"Baldwin","Alabama",449,"2021-04-14",5.72171594252968,731.183659680892,-0.0199235428258259,5.48263342861977,5.57626187089761,5.5822511427489,-34.7903576497174
1005,"Barbour","Alabama",449,"2021-04-14",3.70306408910589,-68.1543103981384,0.00720251622016873,3.77522992251395,3.75006465003978,3.75348170264707,96.2368093832224
1007,"Bibb","Alabama",449,"2021-04-14",3.630038954091,502.930332278706,-0.0620810135412593,2.91348259369015,3.20641598077582,3.19547185930218,-11.1652039975036
1009,"Blount","Alabama",449,"2021-04-14",4.65396035015752,112.022777530705,0.0140127546189167,4.82006841295876,4.75098328028173,4.75204963248994,49.4654476875104
1013,"Butler","Alabama",449,"2021-04-14",3.93462283734539,175.516484463085,0.0146698099191797,4.11463985838984,4.03507950589622,4.03731150677965,47.2499087840058
1015,"Calhoun","Alabama",449,"2021-04-14",4.87301391622021,164.341013023487,0.0173428793540526,5.05820662365885,4.9930029540793,4.99441407169858,39.9672491752631
1017,"Chambers","Alabama",449,"2021-04-14",3.52636052461616,237.268874126835,0.0169496495891871,3.70741593779852,3.64500816301589,3.64500807174047,40.8944843911187
1019,"Cherokee","Alabama",449,"2021-04-14",3.29583686600433,284.850223187196,0.0205487902732982,3.51692086904812,3.43341593074006,3.43967839791742,33.7317755128701
1021,"Chilton","Alabama",449,"2021-04-14",4.4014790606007,663.3511826699,-0.0200659007488665,4.1606882516143,4.24967030564965,4.26101775535863,-34.5435367808794
1031,"Coffee","Alabama",449,"2021-04-14",4.05054193956371,242.341353712465,0.019953102219482,4.26315280945133,4.18752428056981,4.19021365510008,34.7388177003957
1033,"Colbert","Alabama",449,"2021-04-14",4.45434729625351,691.959135493271,-0.0181009756565702,4.27109056750904,4.31119924241931,4.32764046665752,-38.2933601873749
1037,"Coosa","Alabama",449,"2021-04-14",3.86523084392139,248.206189743082,0.0198314733742954,4.12085741545344,3.99963901930575,4.00405115754146,34.9518751066863
1039,"Covington","Alabama",449,"2021-04-14",3.35739475900376,569.029531011605,-0.0268111988230639,3.0304572288298,3.16261023949859,3.16971636724231,-25.8528977064493
1043,"Cullman","Alabama",449,"2021-04-14",5.28029886104536,718.304597734648,-0.0192497643300654,5.04930168908458,5.13065488971346,5.1455505107349,-36.0080865757587
1045,"Dale","Alabama",449,"2021-04-14",3.67810735713203,609.778541215493,-0.0222513704175796,3.42178328286096,3.51443355693779,3.52234776420897,-31.1507636407116
1047,"Dallas","Alabama",449,"2021-04-14",3.24147565678544,581.355176528633,-0.0235309395960177,2.94972508694339,3.06433936544237,3.07675907961332,-29.4568424576319
1049,"DeKalb","Alabama",449,"2021-04-14",4.30791866252016,245.548743844305,0.0216833482963106,4.56328788662002,4.44416273840003,4.45970210059433,31.9667964139045
1051,"Elmore","Alabama",449,"2021-04-14",5.20635870697722,539.038753966993,-0.0552199353467634,4.58539462533316,4.83270420489452,4.81981915954988,-12.5524808424205
1053,"Escambia","Alabama",449,"2021-04-14",3.71357206670431,284.926254666482,0.0231713390887933,3.96400776231282,3.86708167734567,3.87577144032586,29.9139889112055
1055,"Etowah","Alabama",449,"2021-04-14",4.20682254564879,504.343233329417,-0.0697149011337118,3.37024373204425,3.72290731116246,3.71881823771281,-9.9425971964086
1057,"Fayette","Alabama",449,"2021-04-14",3.74782198974739,-610.920403577984,0.00354582897086229,3.7831172766109,3.76943183905141,3.77264279254343,195.482406584146
1059,"Franklin","Alabama",449,"2021-04-14",3.08452777233712,327.497879879657,0.0263694087299168,3.3885249281142,3.25547770756275,3.26911363344654,26.286034232294
1061,"Geneva","Alabama",449,"2021-04-14",3.42472787907235,590.417341236958,-0.0232441520973627,3.12441712423496,3.25263169695487,3.26201881439081,-29.8202824373443
1065,"Hale","Alabama",449,"2021-04-14",3.75453342433537,562.416435719126,-0.0318450918843172,3.38884117347709,3.52942889884372,3.53161778114515,-21.7662170069385
1067,"Henry","Alabama",449,"2021-04-14",3.11033565629299,517.403655177411,-0.0429585379958662,2.63781125402389,2.81028797480195,2.80962589032193,-16.1352600180817
1069,"Houston","Alabama",449,"2021-04-14",4.87410621561882,-382.546346102653,0.00589297908823163,4.94153608209598,4.91467828316143,4.91535706923644,117.622542042304
1071,"Jackson","Alabama",449,"2021-04-14",4.01251454397447,484.946889709797,-0.0995604205791578,2.88196451396584,3.33065102041183,3.31559159992037,-6.96207565745308
1073,"Jefferson","Alabama",449,"2021-04-14",7.21974661529423,752.48000432084,-0.0234042612622153,6.93889548014765,7.05259601595491,7.05591678645872,-29.6162811034326
1075,"Lamar","Alabama",449,"2021-04-14",3.09751496786393,529.499387066277,-0.0368055986957194,2.70518894474272,2.82854926359916,2.83987577699389,-18.8326560393802
1077,"Lauderdale","Alabama",449,"2021-04-14",5.2868229871223,-796.842855494253,0.00426067085264915,5.33795103735409,5.31511123625917,5.31664768309084,162.684986597584
1079,"Lawrence","Alabama",449,"2021-04-14",3.75787232560089,-736.807345909391,0.0031702390053398,3.78148437385779,3.77654524949281,3.78006399863827,218.641931851965
1081,"Lee","Alabama",449,"2021-04-14",5.54238336610411,816.637049376313,-0.0148734093278713,5.36390245416965,5.42507347515652,5.43826950080901,-46.6031133333401
1083,"Limestone","Alabama",449,"2021-04-14",4.98360662170834,142.918569398987,0.016552354662857,5.18223487766262,5.09526346756277,5.09947310434834,41.8760469237254
1087,"Macon","Alabama",449,"2021-04-14",3.44316158076119,507.671954903396,-0.0550323945298154,2.84363140837049,3.06915181006387,3.05793481905248,-12.5952575111812
1089,"Madison","Alabama",449,"2021-04-14",6.43110101176106,959.618045014125,-0.0124726065620626,6.28142973301631,6.33269978698397,6.34379276582662,-55.5735625196631
1093,"Marion","Alabama",449,"2021-04-14",3.18988828799495,537.339325961535,-0.0340797084041581,2.77202051055987,2.92894666052488,2.95133032916584,-20.3389997455311
1095,"Marshall","Alabama",449,"2021-04-14",5.06530383829505,159.167577887515,0.017783452462075,5.27870526783995,5.17736321136302,5.18978800552958,38.9770873815504
1097,"Mobile","Alabama",449,"2021-04-14",6.76305975792563,297.822655528872,0.0462661281910306,7.318253296218,6.95944843037526,7.08692265526284,14.9817416685048
1099,"Monroe","Alabama",449,"2021-04-14",3.12926366617852,-323.114210063802,0.00410220028231471,3.19608253247913,3.15581165542344,3.15797906815472,168.969609686836
1101,"Montgomery","Alabama",449,"2021-04-14",6.32435896238131,747.898914097317,-0.0208107323488365,6.07463017419527,6.17286512622294,6.17868383593945,-33.3071978891074
1103,"Morgan","Alabama",449,"2021-04-14",4.44265125649032,524.583907745348,-0.0550677981499723,3.77676478805715,4.052897836845,4.05717666944051,-12.5871598982807
1109,"Pike","Alabama",449,"2021-04-14",4.14991441337691,656.751476700955,-0.0194360868433592,3.90182313509236,4.0033943886128,4.0138618054734,-35.6628978943247
1111,"Randolph","Alabama",449,"2021-04-14",3.65620867182439,553.728071536696,-0.0335916930064211,3.28285137717025,3.41297742058395,3.42106682077944,-20.6344818770358
1113,"Russell","Alabama",449,"2021-04-14",4.6037405931785,644.639834822397,-0.0229452969658475,4.32839702958833,4.43579244525326,4.44312351441757,-30.2086820489465
1115,"St. Clair","Alabama",449,"2021-04-14",5.04434635143857,-308.980967291712,0.00667232935742442,5.10420496593142,5.08940316296048,5.09105265694054,103.883837776783
1117,"Shelby","Alabama",449,"2021-04-14",5.79301360838414,576.213525321395,-0.0438155899277477,5.26722652925117,5.49011693795142,5.48630447888991,-15.8196473379213
1121,"Talladega","Alabama",449,"2021-04-14",5.24702407216049,-982.210547948174,0.00368136117205954,5.29457246846289,5.27270847874149,5.27279360036491,188.285568343777
1123,"Tallapoosa","Alabama",449,"2021-04-14",4.18965474202643,579.185289969172,-0.0311255950714056,3.83421545433415,3.96206407595899,3.97177557652659,-22.2693631710426
1125,"Tuscaloosa","Alabama",449,"2021-04-14",6.17586727010576,629.676866187668,-0.0332613717417207,5.77673080920511,5.94622879397041,5.94303766791371,-20.8394045183203
1127,"Walker","Alabama",449,"2021-04-14",4.41193211745279,565.888524765659,-0.0361964518475806,3.97757469528182,4.14464077306381,4.15855695451973,-19.1495891221249
1133,"Winston","Alabama",449,"2021-04-14",3.21314515015922,491.445900426434,-0.0684306913009759,2.42558746996641,2.73239099425008,2.73413031105239,-10.1291857115882
2020,"Anchorage","Alaska",449,"2021-04-14",7.34398050167888,-520.089188427177,0.00761753226759021,7.43539088888996,7.40131248463674,7.39730322755201,90.9936651675282
2050,"Bethel Census Area","Alaska",449,"2021-04-14",4.9406214934752,676.608076958934,-0.0212401115131847,4.68574015531698,4.79491974680114,4.79194071288291,-32.6338767162158
2090,"Fairbanks North Star Borough","Alaska",449,"2021-04-14",5.83981074747931,176.239198127719,0.0217769197272434,6.09232852520192,5.99132651778115,5.99224918557001,31.8294409513207
2110,"Juneau City and Borough","Alaska",449,"2021-04-14",3.88890058800729,370.303537077517,0.0525468198236135,4.50307659670869,4.24901595507801,4.25672832677258,13.1910395888213
2122,"Kenai Peninsula Borough","Alaska",449,"2021-04-14",5.04158009794568,322.937059011106,0.0416442889687289,5.54131156557043,5.32940086839399,5.33309012072678,16.644471492368
2150,"Kodiak Island Borough","Alaska",449,"2021-04-14",3.30111392310517,351.396903913758,0.0353859702445162,3.70148204559204,3.54666376574224,3.54881571481678,19.5881920368529
2170,"Matanuska-Susitna Borough","Alaska",449,"2021-04-14",7.00332516531954,-72.6381876998878,0.0135555700915158,7.16599200641773,7.09843793795124,7.09821415596015,51.133753569964
2185,"North Slope Borough","Alaska",449,"2021-04-14",3.02390315052069,500.995825707475,-0.0542665154964954,2.44176667303233,2.65691032938636,2.64403754204522,-12.7730180244337
2240,"Southeast Fairbanks Census Area","Alaska",449,"2021-04-14",4.0943445622221,504.393654237627,-0.0681794241798695,3.29945147988111,3.63333784839993,3.61708859296301,-10.1665156151994
2261,"Valdez-Cordova Census Area","Alaska",449,"2021-04-14",4.38202663467388,193.136775152279,0.0175185652914681,4.60498656722067,4.50959637479876,4.50465659171416,39.5664353231895
4001,"Apache","Arizona",449,"2021-04-14",6.18119903629106,91.660557979601,0.0175433071042134,6.39171872154162,6.31947540514614,6.30400218602055,39.5106336816888
4003,"Cochise","Arizona",449,"2021-04-14",5.4553211153577,1007.63661914721,-0.00967879113960273,5.33917562168247,5.39002685752311,5.38756957738048,-71.6150571452869
4005,"Coconino","Arizona",449,"2021-04-14",5.96797656580077,281.998135011127,0.0368389374172371,6.41004381480762,6.2235404754544,6.22584912772143,18.815612749884
4007,"Gila","Arizona",449,"2021-04-14",5.79909265446053,377.808353437582,0.0876106420617901,6.85042035920201,6.39027887369842,6.41236714889306,7.91167789948488
4009,"Graham","Arizona",449,"2021-04-14",5.02105698955867,388.783596620948,0.0909341551112977,6.11226685089425,5.60376048245556,5.65759607533775,7.62251741066464
4012,"La Paz","Arizona",449,"2021-04-14",3.07136968775961,494.203038520009,-0.0626596291571818,2.39378822634131,2.65875829158781,2.63275228365934,-11.0621015458164
4013,"Maricopa","Arizona",449,"2021-04-14",8.87552675907784,137.554628833378,0.0289628351222574,9.22308078054493,9.07133127651131,9.07826660493364,23.932297291824
4015,"Mohave","Arizona",449,"2021-04-14",6.12530839091455,579.489032012095,-0.0452088873907355,5.58280174222572,5.82159374873059,5.8088461791794,-15.3320999601063
4017,"Navajo","Arizona",449,"2021-04-14",5.91466063648335,375.252682554825,0.0860347844292279,6.94707804963408,6.50496417491858,6.51690412748795,8.05659228599715
4019,"Pima","Arizona",449,"2021-04-14",7.56860061287745,-356.442576854809,0.00945551977334447,7.68206685015758,7.63684007229245,7.63478925129086,73.3060896888988
4021,"Pinal","Arizona",449,"2021-04-14",7.3946686998446,618.004183633387,-0.0424970741819897,6.88470380966072,7.10852365679302,7.09718918057067,-16.310468282866
4023,"Santa Cruz","Arizona",449,"2021-04-14",4.91475352239297,626.557192133957,-0.0271236659249212,4.62613630053406,4.73682363083019,4.72488786091852,-25.5550699702093
4025,"Yavapai","Arizona",449,"2021-04-14",5.16967197712914,541.985274224545,-0.052759682697649,4.53655578475735,4.8120822636663,4.8003541982456,-13.1378193559688
4027,"Yuma","Arizona",449,"2021-04-14",5.54014246880783,273.359886347795,0.0324668235986974,5.9297443519922,5.77373920597537,5.76741023399871,21.3493992860994
5001,"Arkansas","Arkansas",449,"2021-04-14",4.12019794104843,607.221211421453,-0.0253615352818044,3.8352020888224,3.94250745076794,3.9426671940758,-27.3306474887284
5003,"Ashley","Arkansas",449,"2021-04-14",3.65251180994306,-372.240278660361,0.00448231512462411,3.71243392786223,3.68837033094005,3.68388801581543,154.64043943543
5005,"Baxter","Arkansas",449,"2021-04-14",4.42911467077278,528.004377618017,-0.0528255609015438,3.80367163503829,4.07083573483243,4.05933574446197,-13.1214353190084
5007,"Benton","Arkansas",449,"2021-04-14",6.10415527386065,943.662849434393,-0.0122165481799786,5.95755669570091,6.01531748327427,6.0186394366008,-56.7383822621785
5009,"Boone","Arkansas",449,"2021-04-14",3.78743112784243,-513.732602254424,0.0039374061895902,3.81823115036398,3.81568888343498,3.81499297116956,176.04157335672
5015,"Carroll","Arkansas",449,"2021-04-14",3.15395627876888,348.052319837144,0.0327000562360297,3.52989521187433,3.37828533385989,3.38285667242109,21.1971250311252
5019,"Clark","Arkansas",449,"2021-04-14",3.17805383034795,571.293001240871,-0.0249894101042566,2.88110409015869,3.00166904692409,3.00312795961815,-27.7376367696602
5023,"Cleburne","Arkansas",449,"2021-04-14",3.14784005175145,488.644359864543,-0.0716959610563068,2.34046875355635,2.65667189506807,2.6459683243573,-9.66786929622966
5027,"Columbia","Arkansas",449,"2021-04-14",3.45676723281697,794.258227433409,-0.00986606875688582,3.33727892944033,3.38233307234972,3.38770475151877,-70.2556608554119
5029,"Conway","Arkansas",449,"2021-04-14",3.13549421592915,205.171213090387,0.0131762011180097,3.30497054250747,3.228403662109,3.22772762375522,52.6059957913457
5031,"Craighead","Arkansas",449,"2021-04-14",4.94571574799694,256.513731688985,0.0263790825458889,5.26226473854761,5.12368754610316,5.13036932581816,26.2763945392775
5033,"Crawford","Arkansas",449,"2021-04-14",4.35303909780063,588.105701921556,-0.0303874674932275,4.0143577228113,4.14071101652156,4.14032682534804,-22.8102977227183
5035,"Crittenden","Arkansas",449,"2021-04-14",4.45434729625351,721.377270675368,-0.0160647830361762,4.26322827613239,4.34066854582687,4.34189381500028,-43.1469991844304
5045,"Faulkner","Arkansas",449,"2021-04-14",5.34438273339128,-1167.97917060982,0.00331541674410686,5.38416773432056,5.36748959664824,5.36759065060003,209.067889215439
5051,"Garland","Arkansas",449,"2021-04-14",4.5155580272984,592.773770973807,-0.0303518422484122,4.15133592031745,4.30351494797786,4.30309513155952,-22.8370711368008
5055,"Greene","Arkansas",449,"2021-04-14",4.21740465497933,-533.162608931001,0.00431597015321032,4.26919629681785,4.24982493386544,4.2476164460518,160.60055003957
5057,"Hempstead","Arkansas",449,"2021-04-14",3.34235688163922,504.873618581884,-0.0557425362289234,2.72433945443927,2.96000769458936,2.95215912803676,-12.4347980456671
5059,"Hot Spring","Arkansas",449,"2021-04-14",4.39797028507102,965.486646697093,-0.0083909898050807,4.27509725826006,4.33259829333263,4.33923335643546,-82.606128318765
5061,"Howard","Arkansas",449,"2021-04-14",3.21314515015922,655.217348301259,-0.0151652037585363,3.02117167922389,3.10325221591455,3.10698872384947,-45.7064205398348
5063,"Independence","Arkansas",449,"2021-04-14",3.34739467566918,-86.3844194372127,0.0063438521653256,3.44080657368563,3.39310769896182,3.39180164082646,109.262820522295
5069,"Jefferson","Arkansas",449,"2021-04-14",4.17658266045907,149.302091826352,0.0141612213819459,4.34321697502675,4.27662720476462,4.27571121013269,48.9468501243569
5071,"Johnson","Arkansas",449,"2021-04-14",3.59142411796322,514.405771734336,-0.0519509062400026,3.03423277124546,3.23319398062651,3.2277677742832,-13.3423501287494
5085,"Lonoke","Arkansas",449,"2021-04-14",4.71466500078438,219.490604394005,0.0208033903034915,4.9201972672344,4.85515033123431,4.86028873290882,33.318952846047
5089,"Marion","Arkansas",449,"2021-04-14",3.52636052461616,485.636260294738,-0.0860301409592251,2.54961165066057,2.95683570378174,2.92414953790158,-8.05702713992378
5091,"Miller","Arkansas",449,"2021-04-14",4.34380542185368,539.734564591767,-0.045707515927819,3.8272989447872,4.03406608435073,4.02385281035895,-15.1648403219847
5093,"Mississippi","Arkansas",449,"2021-04-14",4.07995582477,704.809278375306,-0.0156789906818917,3.90107835721461,3.96891263676697,3.97020288999676,-44.2086607883816
5103,"Ouachita","Arkansas",449,"2021-04-14",3.13549421592915,511.786418280738,-0.0461599973892616,2.57510092219511,2.81470858675367,2.81237423420432,-15.0161876031907
5107,"Phillips","Arkansas",449,"2021-04-14",3.25809653802148,384.717062657523,0.0527811378979071,3.76239454564114,3.60623766905102,3.62756450330683,13.1324789151132
5111,"Poinsett","Arkansas",449,"2021-04-14",3.11668488397165,277.785673532838,0.018492715423515,3.29566682375063,3.24545669125205,3.24613389193626,37.4821741797071
5115,"Pope","Arkansas",449,"2021-04-14",4.29045944114839,246.163907249416,0.0215915813273266,4.53069306203269,4.43942859731482,4.44160051043968,32.1026593676438
5119,"Pulaski","Arkansas",449,"2021-04-14",6.20513479662971,921.823954557429,-0.0129862363270947,6.04929996070457,6.11385613649636,6.11423114234005,-53.3755249096887
5121,"Randolph","Arkansas",449,"2021-04-14",3.15395627876888,623.998926930872,-0.0175185139363932,2.94309154273757,3.01380816727773,3.03132668121413,-39.5665513111813
5123,"St. Francis","Arkansas",449,"2021-04-14",3.96217278911362,230.804858333439,0.0184684638741491,4.15900833850277,4.09071552027076,4.09145203623266,37.5313932595208
5125,"Saline","Arkansas",449,"2021-04-14",4.649870364906,574.363040755195,-0.0358273062406025,4.24062890870527,4.40210475888156,4.39907922122178,-19.3468963562327
5131,"Sebastian","Arkansas",449,"2021-04-14",5.23110861685459,695.49289101367,-0.0208002245939041,4.98150592172774,5.08437462502781,5.08550704469726,-33.32402385516
5139,"Union","Arkansas",449,"2021-04-14",4.4576640488795,772.174141690665,-0.0135781742266784,4.29306758184636,4.36056141630285,4.36261682929275,-51.0486291447084
5141,"Van Buren","Arkansas",449,"2021-04-14",3.87417278129705,258.475817681498,0.020734152544989,4.09549652751605,4.01905572576512,4.01931184911197,33.4302151513525
5143,"Washington","Arkansas",449,"2021-04-14",6.11462989748333,-699.807721593399,0.00534585471145906,6.17878015402084,6.15106158570076,6.15205088046354,129.660684394238
5145,"White","Arkansas",449,"2021-04-14",4.94469897109185,648.722897744016,-0.0241531310155382,4.65486139890539,4.77857041265568,4.77562705398308,-28.6980259459541
6001,"Alameda","California",449,"2021-04-14",7.61775957660851,-2.66690283671206,0.0170546766018017,7.82241569583013,7.73648236194236,7.73714231282112,40.6426458116901
6005,"Amador","California",449,"2021-04-14",4.45268478547989,77.6304664350176,0.0121760555644206,4.60704846457113,4.54005970100568,4.53791717443083,56.927071077548
6007,"Butte","California",449,"2021-04-14",5.61156275255943,110.518976708922,0.0168272326178554,5.8134895439737,5.72986016702383,5.72935338088442,41.1919889800801
6009,"Calaveras","California",449,"2021-04-14",4.31748811353631,731.058619262179,-0.0150404406062896,4.13700282626083,4.21228775026021,4.21220502929228,-46.0855634953995
6011,"Colusa","California",449,"2021-04-14",3.22457384598284,391.120844759468,0.0597762294732396,3.87823127168797,3.62604988753737,3.64300745229552,11.5956992715683
6013,"Contra Costa","California",449,"2021-04-14",7.49847414870337,20.7893541325497,0.0177180659842189,7.711090940514,7.62144740772826,7.6225006105929,39.1209278245897
6015,"Del Norte","California",449,"2021-04-14",5.05624580534831,-330.007471806581,0.00653255425757935,5.13463645643926,5.10759590707479,5.10197368515137,106.106609027506
6017,"El Dorado","California",449,"2021-04-14",5.61625148217034,205.125432668524,0.0235112994443519,5.89838707550256,5.78067524591297,5.7808305782808,29.481449215537
6019,"Fresno","California",449,"2021-04-14",7.67235896046701,982.98785149081,-0.0142347530454456,7.50154192392166,7.57254660861668,7.57271568914889,-48.6940081325623
6021,"Glenn","California",449,"2021-04-14",4.44096917030733,549.971967745365,-0.0418750209160942,3.93507811486368,4.15844005471603,4.14784402389467,-16.5527602230651
6023,"Humboldt","California",449,"2021-04-14",4.77912349311153,252.073112284556,0.0249007502283744,5.07793249585202,4.9515639068871,4.95342874471015,27.8363974660532
6025,"Imperial","California",449,"2021-04-14",6.36794211834289,-109.024021261371,0.0115147658574007,6.5061193086317,6.44872169631805,6.4485454793447,60.1963764738167
6027,"Inyo","California",449,"2021-04-14",3.45225255246244,579.438226089864,-0.0256534195905657,3.16661260739839,3.26939749349244,3.27267861532848,-27.0196797005128
6029,"Kern","California",449,"2021-04-14",7.50964832855339,104.096537326063,0.02209347403959,7.77477001702847,7.6579815108056,7.66430264683052,31.3733901385483
6031,"Kings","California",449,"2021-04-14",5.38645905687375,582.978855749672,-0.0391829737166895,4.97540916741471,5.11775977404512,5.11217824085692,-17.6900095835429
6033,"Lake","California",449,"2021-04-14",4.63334106295479,614.156265914857,-0.0272299173823738,4.30658205436631,4.44425113718178,4.44273164127817,-25.4553537870308
6035,"Lassen","California",449,"2021-04-14",3.30636327899132,56.33988348383,0.00855801748671749,3.42029826588893,3.36957806299891,3.36626940139834,80.9938962657821
6037,"Los Angeles","California",449,"2021-04-14",9.39017073307921,1565.37747622429,-0.00837378218501066,9.28968534685908,9.32819230135504,9.33155425778413,-82.7758789571457
6039,"Madera","California",449,"2021-04-14",5.61260659399033,-3.64966711969024,0.0125379443038649,5.76306192563671,5.70031155658493,5.70037220411738,55.2839575420892
6041,"Marin","California",449,"2021-04-14",5.6073764565451,1500.04269488805,-0.00530980090453593,5.54365884569067,5.56908434532314,5.57020785021335,-130.541086760489
6045,"Mendocino","California",449,"2021-04-14",4.16333743370905,521.096423270058,-0.0544046823743263,3.54155023171223,3.79886904560265,3.78250465708877,-12.7405794926034
6047,"Merced","California",449,"2021-04-14",6.78961503667791,730.934864874657,-0.023662565508182,6.50566425057973,6.62555595112118,6.62397707812064,-29.2929851718856
6053,"Monterey","California",449,"2021-04-14",6.07862472255038,-838.627455853959,0.00473919741450046,6.13549509152439,6.11555582266503,6.11179910445188,146.258347128383
6055,"Napa","California",449,"2021-04-14",5.80427401320252,-364.792405626222,0.00717646947823213,5.89039164694131,5.85780226900198,5.85450929955014,96.5860974762617
6057,"Nevada","California",449,"2021-04-14",5.43559174545139,-478.114576172844,0.00589470320273142,5.50632818388417,5.48087962917609,5.47685466787051,117.588139168527
6059,"Orange","California",449,"2021-04-14",8.1423127114987,-181.530008342723,0.013016662035241,8.29851265592159,8.23339252145235,8.23342934574539,53.2507626520022
6061,"Placer","California",449,"2021-04-14",6.86290733404533,65.2338433607046,0.0181191144291727,7.0803367071954,6.98915965927054,6.98974113504954,38.2550252811442
6065,"Riverside","California",449,"2021-04-14",8.12313421394204,-665.0197288728,0.00732460749115648,8.21102950383592,8.17727218375239,8.17440646638014,94.6326723168212
6067,"Sacramento","California",449,"2021-04-14",8.29204763743135,40.3821023908419,0.0205443011485604,8.53857925121408,8.43396497598491,8.43585774547127,33.7391462258874
6069,"San Benito","California",449,"2021-04-14",4.49503639157761,318.581569648898,0.0358403177188073,4.9251202042033,4.73940732723035,4.74591861560926,19.3398726539808
6071,"San Bernardino","California",449,"2021-04-14",8.21027975703657,178.505554389761,0.030924487848193,8.58137361121489,8.41190617153258,8.42675117197392,22.4141846410707
6073,"San Diego","California",449,"2021-04-14",8.66777833860659,1179.32435091788,-0.0117876938629693,8.52632601225096,8.58520483456246,8.5852644815658,-58.8026113180162
6075,"San Francisco","California",449,"2021-04-14",6.70651299162103,-40.5462054351626,0.0138408121173873,6.87260273702968,6.80369605755662,6.80339867644274,50.0799501272899
6077,"San Joaquin","California",449,"2021-04-14",7.68884792394572,830.422658004366,-0.0198975079868605,7.4500778281034,7.55281644315279,7.5495653680377,-34.8358789963885
6079,"San Luis Obispo","California",449,"2021-04-14",6.31587453045944,1640.5253575116,-0.00527851289637062,6.25253237570299,6.27416268956117,6.27892494018485,-131.314859728113
6081,"San Mateo","California",449,"2021-04-14",6.83901747700301,-433.799261978874,0.00779109504100678,6.93251061749509,6.89412820706799,6.89355514229006,88.9665928745205
6083,"Santa Barbara","California",449,"2021-04-14",6.72811583638771,120.272228461027,0.0207832519416016,6.97751485968693,6.87015502244176,6.87359859997892,33.3512379346411
6085,"Santa Clara","California",449,"2021-04-14",7.91571319938212,5.35112751251313,0.0180456709132609,8.13226125034125,8.04033328915521,8.04203289577495,38.410718221099
6087,"Santa Cruz","California",449,"2021-04-14",5.19454289404584,261.006787207666,0.0283865331111529,5.53518129137967,5.38614756410375,5.39324862582391,24.4181696245116
6089,"Shasta","California",449,"2021-04-14",5.93489419561959,288.754792833883,0.0382291621361881,6.39364414125385,6.19391948974365,6.20249833057291,18.1313725393894
6093,"Siskiyou","California",449,"2021-04-14",3.99162605602711,322.009777538309,0.0326749618700379,4.37812540989367,4.21812287930635,4.22035078911738,21.2134044200842
6095,"Solano","California",449,"2021-04-14",6.73084761203226,-480.735431430484,0.00727867385985225,6.81819169835049,6.78377739225117,6.78179832905123,95.2298720764521
6097,"Sonoma","California",449,"2021-04-14",6.35238048530397,969.614039101678,-0.0120856370125896,6.2073528411529,6.26757377682588,6.26778102621584,-57.3529702934064
6099,"Stanislaus","California",449,"2021-04-14",7.50447022189481,1158.92120318343,-0.0104969193646497,7.37850718951901,7.43098009605909,7.43099178634226,-66.0333909865259
6101,"Sutter","California",449,"2021-04-14",5.24702407216049,834.922711829466,-0.0134221520351302,5.08595824773893,5.1530899261359,5.15306900791458,-51.6420301860499
6103,"Tehama","California",449,"2021-04-14",4.90738894413076,1163.12820880756,-0.00685072882098855,4.84434360021199,4.85469281898671,4.85943384238384,-101.178604302122
6107,"Tulare","California",449,"2021-04-14",6.16601791425543,667.230258656118,-0.0276217836747394,5.83455651015856,5.97430537500446,5.97266542853225,-25.0942223254699
6109,"Tuolumne","California",449,"2021-04-14",3.81928095372953,577.867877636588,-0.0287793211410853,3.50727478728584,3.61991303258138,3.61782570574193,-24.0849037808057
6111,"Ventura","California",449,"2021-04-14",6.81829935808669,976.764769747805,-0.0127979546419976,6.66472390238272,6.72879909666427,6.72871367559271,-54.1607780266171
6113,"Yolo","California",449,"2021-04-14",5.6534911843605,710.418659356133,-0.021273321188608,5.41232985685806,5.50264565910624,5.50457793604024,-32.5829321343172
6115,"Yuba","California",449,"2021-04-14",5.11456621694449,-361.895084498034,0.00633678091694793,5.18282196351265,5.16009694162002,5.15892368336313,109.384747499492
8001,"Adams","Colorado",449,"2021-04-14",7.89020821310996,172.096851136278,0.0290184510406848,8.23842962559818,8.08791374565961,8.09333737039475,23.8864293475944
8003,"Alamosa","Colorado",449,"2021-04-14",3.84710345932883,389.898983649472,0.0693700336859652,4.58542973091266,4.30949369382309,4.33269369513059,9.99202600502963
8005,"Arapahoe","Colorado",449,"2021-04-14",8.10189417424905,193.791474672542,0.0323805680227953,8.49046099052259,8.32084681872071,8.32855815040862,21.4062699601805
8007,"Archuleta","Colorado",449,"2021-04-14",4.29825675160842,316.152079898552,0.0334572596603554,4.67892817579478,4.53033795432416,4.53245756923091,20.7173925060359
8013,"Boulder","Colorado",449,"2021-04-14",7.39659818649829,-221.475414750817,0.0111147579948808,7.52997528243686,7.47795245010445,7.47440149246246,62.3627775682736
8014,"Broomfield","Colorado",449,"2021-04-14",5.71984328280639,-255.092550883231,0.00818214630163085,5.81826328532647,5.7787183890238,5.77711830691781,84.7145913807223
8015,"Chaffee","Colorado",449,"2021-04-14",4.02789946281395,379.740204435053,0.0620298560306584,4.73038413982112,4.45296203259132,4.46210845502856,11.1744122091361
8019,"Clear Creek","Colorado",449,"2021-04-14",3.500827222611,-167.143952389796,0.00576300367550901,3.59118088799361,3.54693125201507,3.54116824833956,120.275332029651
8025,"Crowley","Colorado",449,"2021-04-14",3.50941096630239,514.310274639817,-0.0495707961917111,2.89048674005307,3.16691181803897,3.16241539296041,-13.982974529585
8029,"Delta","Colorado",449,"2021-04-14",4.51242813428948,342.381942085781,0.0444057702627876,5.04529737744293,4.82115428075688,4.82326852612899,15.6093943750551
8031,"Denver","Colorado",449,"2021-04-14",8.32883056691879,166.050696216301,0.0299652866675295,8.68841400692914,8.532270807316,8.5385875735915,23.1316719326113
8035,"Douglas","Colorado",449,"2021-04-14",7.78411647511906,216.282880012663,0.0341832729816359,8.19431575089869,8.01543408367378,8.02339938599051,20.2773789663828
8037,"Eagle","Colorado",449,"2021-04-14",6.10574940778664,-331.593649081243,0.00787235611717479,6.20021768119274,6.16361805716516,6.16085590060686,88.0482501353991
8039,"Elbert","Colorado",449,"2021-04-14",4.84643427841549,96.4491722718552,0.0139621860676652,5.02011555752338,4.94570924695826,4.94416958088915,49.6446027291668
8041,"El Paso","Colorado",449,"2021-04-14",8.3625423865473,-188.249537981804,0.0132266484737043,8.52126216823175,8.45641192915427,8.45512892586323,52.4053528706065
8043,"Fremont","Colorado",449,"2021-04-14",4.9737737007921,256.018155704018,0.026458798292035,5.29127928029652,5.15636935742813,5.15898528883634,26.1972283438363
8045,"Garfield","Colorado",449,"2021-04-14",5.71514623330651,115.103746848793,0.0173441902466187,5.91256946901403,5.83632627999484,5.83655556503284,39.9642284075542
8047,"Gilpin","Colorado",449,"2021-04-14",3.01693448120459,264.833493736287,0.0168191352151492,3.21525531745706,3.13740282304404,3.13466842771063,41.2118204469644
8049,"Grand","Colorado",449,"2021-04-14",4.25053397873921,364.508242622041,0.0532894264765701,4.87554327800496,4.61813231684348,4.6235599640752,13.0072178739755
8051,"Gunnison","Colorado",449,"2021-04-14",3.90341463089155,380.792937220952,0.0602817519666346,4.53361350458571,4.3170873824701,4.32538689465799,11.4984577910674
8059,"Jefferson","Colorado",449,"2021-04-14",7.89111703678054,68.8088486946019,0.0210322578486328,8.14350413096413,8.03760516487546,8.03834284172097,32.9563846900538
8063,"Kit Carson","Colorado",449,"2021-04-14",3.35240721749272,594.319127963357,-0.0223892794436772,3.09686560837735,3.19309560923948,3.19568226138698,-30.9588873685567
8065,"Lake","Colorado",449,"2021-04-14",3.46573590279973,270.080934047701,0.0199272913744275,3.70486339929286,3.60713572829247,3.60522694242072,34.7838131904597
8067,"La Plata","Colorado",449,"2021-04-14",5.77499510288146,272.967110280152,0.033765406831054,6.18017998485411,6.00715627547141,6.01135295069884,20.5283230860544
8069,"Larimer","Colorado",449,"2021-04-14",7.69556307777761,180.8849546122,0.0292479020590984,8.04653790248679,7.89671965030335,7.9002983921913,23.6990393074816
8071,"Las Animas","Colorado",449,"2021-04-14",3.63381967693091,382.89342896077,0.0594669217259471,4.34742273764227,4.04325397091725,4.05008812901254,11.6560124594024
8075,"Logan","Colorado",449,"2021-04-14",4.4014790606007,245.174041609212,0.0221373461303764,4.66712721416522,4.55554758236901,4.55644048351333,31.3112139313223
8077,"Mesa","Colorado",449,"2021-04-14",5.47227067367148,253.69037471364,0.0287545659629003,5.81732546522628,5.67245423822499,5.67355263541178,24.1056387863499
8081,"Moffat","Colorado",449,"2021-04-14",3.16003532484527,384.908026662883,0.0532947778531364,3.78883092614276,3.53030408101931,3.53309876981722,13.0059118075328
8083,"Montezuma","Colorado",449,"2021-04-14",4.25864761351338,279.923639062606,0.0258741769076303,4.5558309121459,4.43902738025633,4.43976685186679,26.7891490049887
8085,"Montrose","Colorado",449,"2021-04-14",3.94019388239484,306.833612807261,0.0284251629817615,4.24007886735414,4.13942430928224,4.13917002326717,24.3849852683234
8087,"Morgan","Colorado",449,"2021-04-14",3.99688922607139,545.438990630144,-0.0395296058605412,3.53548804817422,3.72681442095022,3.7201819850476,-17.534887218591
8089,"Otero","Colorado",449,"2021-04-14",3.28519846779927,394.99206677691,0.0654156445699634,3.99087327566972,3.71321344455466,3.74310797978901,10.5960460241068
8093,"Park","Colorado",449,"2021-04-14",3.98898404656427,348.719021589755,0.0414993924882102,4.45209542956597,4.27772920267614,4.27947979398174,16.7025862066985
8097,"Pitkin","Colorado",449,"2021-04-14",5.61417031596651,721.718748810201,-0.0202153089772249,5.37158660823981,5.47357720532323,5.47266315312594,-34.2882308324282
8101,"Pueblo","Colorado",449,"2021-04-14",6.84024090581443,297.770694916121,0.0467774971774007,7.40157087194324,7.15786869792246,7.16768338605624,14.817962105395
8103,"Rio Blanco","Colorado",449,"2021-04-14",3.68171096463532,846.17304900045,-0.00915454422862433,3.57185643389183,3.61206527893706,3.61762915503495,-75.7161867646693
8105,"Rio Grande","Colorado",449,"2021-04-14",3.17208366336144,736.773073623718,-0.0108655045486603,3.05074110859985,3.09112979395867,3.09602513152082,-63.793372636838
8107,"Routt","Colorado",449,"2021-04-14",4.79224234554065,-139.981221518643,0.00823284416038548,4.90662051927917,4.85335449606513,4.84987225466335,84.1929188815704
8117,"Summit","Colorado",449,"2021-04-14",5.89636863006204,-364.975917763364,0.00728868251896072,5.98383282028957,5.95192489280106,5.94738940769476,95.0991045030152
8119,"Teller","Colorado",449,"2021-04-14",4.97771847908311,-164.428959322569,0.00819728466241433,5.08583279237258,5.03836334726447,5.03509947172001,84.558144447285
8123,"Weld","Colorado",449,"2021-04-14",7.45637202309181,-72.8614745327411,0.0144262484059827,7.6294870039636,7.55807007405943,7.55735576193369,48.0476393483209
8125,"Yuma","Colorado",449,"2021-04-14",3.61477148196021,485.452702724388,-0.0905366617861832,2.66654938524687,3.0302401300459,2.98101484945693,-7.65598340920635
9001,"Fairfield","Connecticut",449,"2021-04-14",9.00034218340319,-150.183545942859,0.0151474106694108,9.18211111143612,9.10526412596926,9.10637405808906,45.760110139465
9003,"Hartford","Connecticut",449,"2021-04-14",8.50416584569033,-241.805215687076,0.0124002641729261,8.65296901576544,8.59087234756856,8.59096769490081,55.89777531299
9005,"Litchfield","Connecticut",449,"2021-04-14",7.37713371283395,2015.03431756234,-0.00469571773854087,7.32078509997146,7.3435802807085,7.34426368866416,-147.61261625051
9007,"Middlesex","Connecticut",449,"2021-04-14",6.82032823119779,-202.71714826189,0.0105460760543122,6.94688114384954,6.89388083952767,6.89415076357797,65.7256004024856
9009,"New Haven","Connecticut",449,"2021-04-14",8.98440721905323,-512.602202295438,0.00939199930492997,9.09711121071239,9.0512357555776,9.05015121418774,73.8018773272379
9011,"New London","Connecticut",449,"2021-04-14",7.04353414414714,-939.497628067155,0.00509110677261331,7.1046274254185,7.08338958134071,7.07917189155543,136.148623770494
9013,"Tolland","Connecticut",449,"2021-04-14",6.49396993925825,13.705827185805,0.0150919309382849,6.67507311051767,6.59814727425713,6.59961345582624,45.9283297408673
9015,"Windham","Connecticut",449,"2021-04-14",6.36794211834289,-50.9663476595537,0.0128654041804128,6.52232696850784,6.45803833822644,6.45799994760578,53.8768289623765
10001,"Kent","Delaware",449,"2021-04-14",7.08948142045632,176.239524144679,0.0264769525741617,7.40720485134626,7.27180136963243,7.27482008847545,26.1792658584271
10003,"New Castle","Delaware",449,"2021-04-14",8.41433747264181,-357.955541898309,0.01049227423845,8.54024476350321,8.4879626872182,8.48778339231096,66.0626252047282
10005,"Sussex","Delaware",449,"2021-04-14",6.76652082442142,-381.356796212492,0.00819829782158763,6.86490039828047,6.82484165323639,6.82390890917253,84.5476946122597
11001,"District of Columbia","District of Columbia",449,"2021-04-14",7.89782739907504,-591.422338671029,0.00762763860128028,7.9893590622904,7.95229844053382,7.951220869284,90.8731019903857
12001,"Alachua","Florida",449,"2021-04-14",6.78203007333858,12.4833699717859,0.0157167293248817,6.97063082523716,6.89258366050395,6.89204717861275,44.1025079857167
12003,"Baker","Florida",449,"2021-04-14",4.16111273868694,170.679159593227,0.0152242790286102,4.34380408703026,4.2694538532187,4.26768269188721,45.5290644146335
12005,"Bay","Florida",449,"2021-04-14",5.4192699769657,575.894003278345,-0.041088069527536,4.92621314263527,5.1375456296696,5.13165349027295,-16.8697918527279
12007,"Bradford","Florida",449,"2021-04-14",3.69953674858792,603.230517246332,-0.0232669545338777,3.4256057507697,3.53783513765419,3.53666806685078,-29.7910575082223
12009,"Brevard","Florida",449,"2021-04-14",7.76587195537652,-13.6241766464963,0.0169699774436862,7.96951168470075,7.88391164854429,7.88466179748232,40.8454980485454
12011,"Broward","Florida",449,"2021-04-14",9.6564720339529,-437.984646470863,0.0109485715795529,9.78785489290754,9.73247192564965,9.73311203500977,63.3093710465791
12015,"Charlotte","Florida",449,"2021-04-14",6.80935461425937,-4.74439084381996,0.0151742389502742,6.99144548166266,6.91614045408824,6.91557428691129,45.6792055819985
12017,"Citrus","Florida",449,"2021-04-14",6.00494470866467,1574.32971187813,-0.00531256026056943,5.94119398553784,5.96420448051113,5.96775678684068,-130.473283419405
12019,"Clay","Florida",449,"2021-04-14",6.30887877709341,67.0923220406659,0.0167385254958221,6.50974108304327,6.42653498508304,6.42604845556416,41.4102891400413
12021,"Collier","Florida",449,"2021-04-14",7.57294380495258,-10.9267290509362,0.0166465132104926,7.77270196347849,7.68847929195311,7.68946939742603,41.6391812384496
12023,"Columbia","Florida",449,"2021-04-14",5.20714148588217,168.592676106903,0.0189070552383109,5.4340261487419,5.34103363987932,5.33949087255035,36.6607687883324
12027,"DeSoto","Florida",449,"2021-04-14",5.20948615284142,56.1361840274425,0.0134312249256322,5.37066085194901,5.30515725305387,5.30350472732084,51.607145617608
12029,"Dixie","Florida",449,"2021-04-14",3.28519846779927,-345.735667486942,0.00420748567208057,3.37329133374726,3.31885835317591,3.31465086750383,164.741423876837
12031,"Duval","Florida",449,"2021-04-14",7.93282353901458,8.11446753183015,0.0181993274566732,8.15121546849466,8.05916788763615,8.06021883121129,38.0864173255912
12033,"Escambia","Florida",449,"2021-04-14",6.46991454797263,169.219761601997,0.023474314120518,6.73196939971176,6.63124418381518,6.63423474681626,29.5278991752987
12035,"Flagler","Florida",449,"2021-04-14",6.18943679985139,1030.48087196496,-0.0105535186153883,6.06279457646673,6.11608102511958,6.11556216954367,-65.6792493405238
12039,"Gadsden","Florida",449,"2021-04-14",3.8098320645316,380.855378998169,0.0603350214806278,4.53385232229913,4.21694263180678,4.23217721489599,11.4883058553729
12041,"Gilchrist","Florida",449,"2021-04-14",4.28653786749521,335.592059638756,0.0392894275276532,4.73075904657709,4.56076776064079,4.56156386018878,17.6420789046133
12045,"Gulf","Florida",449,"2021-04-14",3.38196601973427,566.052449856521,-0.0277314891710148,3.05191832143976,3.18882421224858,3.18784559553717,-24.9949498306939
12047,"Hamilton","Florida",449,"2021-04-14",3.01693448120459,317.168589330122,0.0239362840797391,3.32310808498513,3.1872225461919,3.18448846976276,28.9580111203083
12049,"Hardee","Florida",449,"2021-04-14",4.55237200042112,333.098723723288,0.0408425204588855,5.01959789075476,4.83759967018793,4.83826964363332,16.9712146256426
12051,"Hendry","Florida",449,"2021-04-14",4.82258306259331,-103.482502636244,0.00880233216215299,4.92475082711686,4.88954748502245,4.88419938772838,78.7458559607919
12053,"Hernando","Florida",449,"2021-04-14",6.72691833389237,-272.033367302078,0.00939469952250764,6.83965472816246,6.79365301822137,6.79268123054992,73.780665246325
12055,"Highlands","Florida",449,"2021-04-14",6.03616472602589,195.792445080511,0.0243190209419042,6.32799297732874,6.20546914057003,6.20639787261922,28.502265046599
12057,"Hillsborough","Florida",449,"2021-04-14",9.08891499676163,-114.168476451766,0.01628346167906,9.28431653691035,9.20154302299945,9.20289922851505,42.5675568390541
12061,"Indian River","Florida",449,"2021-04-14",6.25300429593168,-156.407745490208,0.0104145963187506,6.37797945175669,6.32665114723059,6.32590647016293,66.5553574373296
12063,"Jackson","Florida",449,"2021-04-14",4.3193910636824,624.125247609916,-0.0240649246323159,4.04592141252207,4.1568364553258,4.15093659125619,-28.8032142693331
12065,"Jefferson","Florida",449,"2021-04-14",3.09104245335832,338.763091445233,0.0292354315345977,3.42747161338079,3.29860859731772,3.2956904741005,23.7091482552485
12069,"Lake","Florida",449,"2021-04-14",7.42935126503466,122.895958104899,0.0231368973781455,7.70699403357241,7.58641365400815,7.59130954668168,29.9585190369853
12071,"Lee","Florida",449,"2021-04-14",8.32135208453477,-75.523241619453,0.0160172854992888,8.51355951052624,8.43189069955772,8.43347308302979,43.2749469684313
12073,"Leon","Florida",449,"2021-04-14",6.59343584700206,-112.242541970202,0.0118535267432948,6.7356781679216,6.67724900071774,6.67641053420512,58.4760295877377
12075,"Levy","Florida",449,"2021-04-14",5.13915414489724,204.871694683818,0.0214911996223204,5.39704854036509,5.2882110802098,5.28959254225348,32.2526053799274
12081,"Manatee","Florida",449,"2021-04-14",7.71333788887187,-244.971429497802,0.0111954394023192,7.8476831616997,7.7914741756796,7.7917059646881,61.9133520044203
12083,"Marion","Florida",449,"2021-04-14",6.90775527898214,34.1282939195077,0.0168534572562703,7.10999676605738,7.02514608052086,7.02572947977603,41.127892634733
12085,"Martin","Florida",449,"2021-04-14",6.4000201129237,-84.3959228875986,0.0121121678569142,6.54536612720667,6.48497844099497,6.4848052879221,57.2273426812082
12086,"Miami-Dade","Florida",449,"2021-04-14",10.2144221767981,-327.071630017249,0.0132470470695046,10.3733867416322,10.3065321704588,10.3071515062846,52.3246559722437
12087,"Monroe","Florida",449,"2021-04-14",6.03855258320688,2509.4249118153,-0.00292363694688837,6.00346893984422,6.0158446865682,6.01808712457866,-237.083876401843
12089,"Nassau","Florida",449,"2021-04-14",4.92518114555523,-334.396106756355,0.00633265423310127,5.0053052512774,4.97272549377979,4.96950972518694,109.456028238019
12091,"Okaloosa","Florida",449,"2021-04-14",5.93224518744801,118.52846834577,0.0182758822023927,6.16758995917373,6.06048196603599,6.06017636286476,37.926879418669
12093,"Okeechobee","Florida",449,"2021-04-14",5.18178355029209,112.320339414768,0.0156228559241441,5.36925782138182,5.29302880790387,5.2911435417611,44.367507703168
12095,"Orange","Florida",449,"2021-04-14",9.06577692078483,-51.9941320685914,0.0182779922878828,9.28511282823942,9.19194233058469,9.19372286680001,37.9225009860334
12097,"Osceola","Florida",449,"2021-04-14",7.85088266480985,114.552968578675,0.0238304853770847,8.13684848933487,8.01337474372773,8.01769606244944,29.0865741755505
12099,"Palm Beach","Florida",449,"2021-04-14",9.01885120649356,-491.486109036923,0.00964081787999868,9.13454102105354,9.08676606036908,9.08633693165355,71.897134577968
12101,"Pasco","Florida",449,"2021-04-14",7.89170465933011,95.5640284547813,0.0226489378359317,8.16349191336129,8.04632461577698,8.05024722418163,30.6039596903434
12103,"Pinellas","Florida",449,"2021-04-14",8.49818510553127,-126.39512259497,0.0148987688865035,8.67697033216931,8.60149608350783,8.60247648773679,46.5237890352038
12105,"Polk","Florida",449,"2021-04-14",8.18535022317869,77.2097183110642,0.0223161589382579,8.45314413043779,8.33819000856944,8.34156333574649,31.0603263974627
12107,"Putnam","Florida",449,"2021-04-14",5.22497832945719,327.301571170116,0.0447733391258751,5.76225839896769,5.52867070804515,5.53839170333832,15.4812483074189
12109,"St. Johns","Florida",449,"2021-04-14",6.79889658834659,38.6337392229119,0.0167722310567068,7.00016336102707,6.9158838777194,6.91630220574354,41.3270708122502
12111,"St. Lucie","Florida",449,"2021-04-14",7.16626597413364,38.9634873983772,0.0176928887919349,7.37858063963686,7.28898997777053,7.29011619567718,39.1765973726071
12113,"Santa Rosa","Florida",449,"2021-04-14",5.8327199982705,1186.39652201318,-0.00785661008008734,5.73844067730945,5.77612626595908,5.77772372770989,-88.2247144117199
12115,"Sarasota","Florida",449,"2021-04-14",7.68445548236036,37.8331399757156,0.0189194546347304,7.91148893797713,7.81556818497138,7.81689166480347,36.6367421229751
12117,"Seminole","Florida",449,"2021-04-14",7.78821155784708,-82.6579039389153,0.0147879895081768,7.9656674319452,7.89105663253415,7.89172748440432,46.872306757905
12119,"Sumter","Florida",449,"2021-04-14",6.20801498295255,959.577446978201,-0.0120408970938076,6.06352421782686,6.12426299334928,6.1237287032959,-57.5660746171827
12121,"Suwannee","Florida",449,"2021-04-14",4.13858926401986,-149.259101287036,0.0069565315943462,4.21050406086885,4.1919610140759,4.18728498518028,99.6397660471044
12127,"Volusia","Florida",449,"2021-04-14",8.14803246017149,-133.484267314828,0.0141095314995472,8.31734683816606,8.24566667303385,8.24679918066832,49.1261655698625
12129,"Wakulla","Florida",449,"2021-04-14",4.25459902498738,347.171316458708,0.0437146698266713,4.75740996867887,4.5522755054757,4.56060171377408,15.8561687256995
12131,"Walton","Florida",449,"2021-04-14",5.55627633754761,330.900374469602,0.049127274396273,6.14580363030288,5.88725472677755,5.90016725832152,14.1092130405779
12133,"Washington","Florida",449,"2021-04-14",3.72741311811618,329.238673436223,0.0325539214607831,4.12657826922186,3.95642829356906,3.95529056834166,21.2922790698185
13001,"Appling","Georgia",449,"2021-04-14",3.50512830451039,387.627207130473,0.060799207547238,4.15701162425868,3.90645952634444,3.93072275734106,11.4005956413396
13003,"Atkinson","Georgia",449,"2021-04-14",3.36729582998647,34.9181175708059,0.00829815550848422,3.49420294220272,3.42874279241376,3.42538291854586,83.5302712574205
13005,"Bacon","Georgia",449,"2021-04-14",5.49658257373913,605.578667429364,-0.0340179966897055,5.08836661346267,5.26687616071671,5.25845659691119,-20.3758965256677
13009,"Baldwin","Georgia",449,"2021-04-14",4.38914410244275,668.093326335549,-0.0194013858224744,4.11490445460796,4.25324880516225,4.25333440168543,-35.7266840060987
13011,"Banks","Georgia",449,"2021-04-14",3.46126162240481,688.494449007306,-0.0142107669789319,3.30392443873799,3.36093871438551,3.36178625355229,-48.7761977652273
13013,"Barrow","Georgia",449,"2021-04-14",5.58617799448641,695.270560229941,-0.0222317249954568,5.31939729454093,5.43161799522131,5.43055591951821,-31.1782905150902
13015,"Bartow","Georgia",449,"2021-04-14",6.25300429593168,684.227642407492,-0.026029495328955,5.94065035198422,6.07349659621748,6.07079782862899,-26.6292977178429
13017,"Ben Hill","Georgia",449,"2021-04-14",3.03769647265303,534.855814057695,-0.0336569592916681,2.65404692365118,2.80211401342627,2.80209775761135,-20.5944682807855
13019,"Berrien","Georgia",449,"2021-04-14",3.45225255246244,360.509499949833,0.0406423471789899,3.88095805533423,3.73108676185267,3.73674898271537,17.054801916516
13021,"Bibb","Georgia",449,"2021-04-14",5.51515536529897,759.938320303617,-0.0174564306096168,5.30567819798357,5.39317323163563,5.39296035103165,-39.7072686885994
13025,"Brantley","Georgia",449,"2021-04-14",3.49216915986788,552.442721657803,-0.032680906354289,3.15183555505143,3.26491327378185,3.26340281538786,-21.2095458138657
13029,"Bryan","Georgia",449,"2021-04-14",4.7349445297349,623.59015038053,-0.0264782340827677,4.43749123174191,4.55034806213562,4.54959689115553,-26.177998819455
13031,"Bulloch","Georgia",449,"2021-04-14",4.52488935472729,130.908258740134,0.0144669662221741,4.70309123991422,4.62659523629424,4.62615811828251,47.9124074747291
13033,"Burke","Georgia",449,"2021-04-14",3.77767495289707,169.015413817941,0.01368348867682,3.92695033544407,3.87398477773412,3.87345937363481,50.655735312161
13035,"Butts","Georgia",449,"2021-04-14",4.9875128766754,-219.58785093673,0.00751597979021911,5.07770463415803,5.04177559554476,5.04012473520693,92.2231299054275
13039,"Camden","Georgia",449,"2021-04-14",4.38202663467388,298.853728849474,0.0298643600951656,4.69307282925185,4.58827073314565,4.59107715534004,23.2098453926743
13045,"Carroll","Georgia",449,"2021-04-14",5.77897829026776,-579.414258296853,0.00564676351088271,5.84673945239835,5.81972565363147,5.81850563484394,122.751232493459
13047,"Catoosa","Georgia",449,"2021-04-14",5.5851061830226,1307.9940648142,-0.00646428767334606,5.50753473094245,5.53553435701348,5.53985616930918,-107.227155656759
13051,"Chatham","Georgia",449,"2021-04-14",6.60025915059744,752.085309774449,-0.0214234789559733,6.34317740312576,6.45343597764116,6.45029479790563,-32.3545574453341
13053,"Chattahoochee","Georgia",449,"2021-04-14",5.85752490789686,69.0615290046248,0.0156226297406785,6.044996464785,5.96686776705129,5.96688331608161,44.368150053196
13055,"Chattooga","Georgia",449,"2021-04-14",4.52643614544559,701.85277756322,-0.0176191820433091,4.33172484373955,4.40234132592353,4.40310187114243,-39.3404857760221
13057,"Cherokee","Georgia",449,"2021-04-14",7.15717903217389,726.446537771015,-0.0253399425202951,6.85309972193035,6.9837491412888,6.97979943453182,-27.3539365768014
13059,"Clarke","Georgia",449,"2021-04-14",5.56013202946281,1676.71648394269,-0.00451047106280223,5.50600637670918,5.52459786251311,5.52855873202319,-153.675119717831
13063,"Clayton","Georgia",449,"2021-04-14",6.90331687238321,-993.00366369114,0.00480396609056034,6.96096446546994,6.9378667760909,6.93694463501713,144.28644322073
13067,"Cobb","Georgia",449,"2021-04-14",8.01149724547025,1214.0255171613,-0.0104041970907726,7.88664688038098,7.93896046984061,7.93866786583484,-66.6218810074921
13069,"Coffee","Georgia",449,"2021-04-14",3.75787232560089,34.8367034274005,0.00914901589940019,3.85322969658651,3.82437546464529,3.82191543689669,75.7619385714903
13071,"Colquitt","Georgia",449,"2021-04-14",4.34935585238433,747.210683367873,-0.0142917852854899,4.16192055953444,4.2478540101703,4.2493133553859,-48.4996917259651
13073,"Columbia","Georgia",449,"2021-04-14",5.75257263882563,-187.265527447178,0.00911276220339307,5.86192578526635,5.81544730512177,5.81636197424938,76.0633455684663
13075,"Cook","Georgia",449,"2021-04-14",3.63381967693091,93.9612274519641,0.0104078685990649,3.76805197244671,3.7056973034983,3.70667475712436,66.598379289898
13077,"Coweta","Georgia",449,"2021-04-14",5.61884686385042,704.781645268708,-0.0215461746092629,5.36029276853927,5.46801676122331,5.46802364158558,-32.1703129734202
13081,"Crisp","Georgia",449,"2021-04-14",3.58351893845611,476.704714489972,-0.114958777780005,2.38018867205118,2.89647101148482,2.77880749399607,-6.02952809646611
13083,"Dade","Georgia",449,"2021-04-14",3.76451686831956,308.10291627506,0.0276653377721469,4.09162277676596,3.95899232046055,3.95817423272459,25.0547159867969
13085,"Dawson","Georgia",449,"2021-04-14",4.32318613465095,-628.957065021983,0.0040344912703373,4.37724980752196,4.35546206481365,4.35142757354331,171.805348955928
13087,"Decatur","Georgia",449,"2021-04-14",4.2257904483556,610.472479427909,-0.0253843185545006,3.92117862570159,4.04949401900099,4.0481002184741,-27.3061173208863
13089,"DeKalb","Georgia",449,"2021-04-14",7.98075667642822,-585.495037862102,0.00775210795867597,8.07378197193233,8.03467990456827,8.03502143213895,89.4140257404687
13091,"Dodge","Georgia",449,"2021-04-14",3.12926366617852,327.022323564794,0.0269221759901301,3.47235970378669,3.31932326611526,3.31771889810943,25.7463282616553
13095,"Dougherty","Georgia",449,"2021-04-14",4.81218435537242,-710.968546927729,0.0041665068439942,4.86218243750035,4.84435429494419,4.84134990328038,166.361704543719
13097,"Douglas","Georgia",449,"2021-04-14",6.343378173945,-863.667862324639,0.00485090928415751,6.40158908535489,6.37916657800101,6.3773345389341,142.890155217637
13103,"Effingham","Georgia",449,"2021-04-14",4.93857650298747,321.295249625567,0.040247639051605,5.42154817160673,5.21447616420487,5.2203099763487,17.2220581602613
13111,"Fannin","Georgia",449,"2021-04-14",4.5155580272984,157.923235216104,0.0157844277591348,4.70497116040802,4.62608509240335,4.62604902161234,43.9133550570945
13113,"Fayette","Georgia",449,"2021-04-14",5.44488837268036,602.339582102334,-0.0343874115390892,5.03223943421129,5.20791775343425,5.20417649190674,-20.1570036689741
13115,"Floyd","Georgia",449,"2021-04-14",5.87131263645285,574.506347813105,-0.044988713076708,5.33144807953235,5.56587281065467,5.55639164491589,-15.4071351047116
13117,"Forsyth","Georgia",449,"2021-04-14",6.82204176070811,-1669.16856041313,0.00322834717897486,6.86078192685581,6.84693424968826,6.84464019096093,214.706517649086
13119,"Franklin","Georgia",449,"2021-04-14",3.34739467566918,502.230680387521,-0.058125650756045,2.68718838241939,2.94567091956834,2.94051512037687,-11.9249792741092
13121,"Fulton","Georgia",449,"2021-04-14",8.17522588451304,1237.6688479823,-0.0103005502928538,8.05161928099879,8.10445765720896,8.10312203246306,-67.2922475841733
13123,"Gilmer","Georgia",449,"2021-04-14",3.75453342433537,331.048663297435,0.0332402743866785,4.15341671697551,3.98643873415055,3.98721534504212,20.8526311334462
13127,"Glynn","Georgia",449,"2021-04-14",4.61086820710273,311.389503396023,0.0345551269824156,4.99703407314062,4.84672394284697,4.85275409597964,20.0591704065412
13129,"Gordon","Georgia",449,"2021-04-14",5.31531494291661,683.710402775214,-0.0221739018473095,5.0492281207489,5.16151954873481,5.16009762998544,-31.2595945148937
13131,"Grady","Georgia",449,"2021-04-14",3.11033565629299,368.723343767573,0.0408711888778117,3.56710070149936,3.39169465606343,3.39643397843767,16.9593104480561
13133,"Greene","Georgia",449,"2021-04-14",3.10394585819422,286.933847744128,0.0199234334265841,3.36837822915859,3.24391523974979,3.24340989218031,34.7905486829931
13135,"Gwinnett","Georgia",449,"2021-04-14",7.90927961807306,1923.89054498619,-0.00534450310860449,7.84514558076981,7.87050369796085,7.87186809631283,-129.693475048036
13137,"Habersham","Georgia",449,"2021-04-14",4.04555439805267,1202.72813715499,-0.00533202104936074,3.98157014546034,4.00539510985637,4.00823025070715,-129.997082558976
13139,"Hall","Georgia",449,"2021-04-14",6.28173255884912,834.763455859401,-0.0160755374246391,6.08882610975345,6.17034494745883,6.16920379687665,-43.1181342340413
13143,"Haralson","Georgia",449,"2021-04-14",4.24645234041956,902.410766355189,-0.00931404100720325,4.15788818388926,4.18008669692975,4.18125405336914,-74.4195972536391
13145,"Harris","Georgia",449,"2021-04-14",3.9262076404201,668.422237216066,-0.0173557903606396,3.68675581706008,3.80134755950972,3.80471710789562,-39.9375174599887
13147,"Hart","Georgia",449,"2021-04-14",3.36235754834589,569.591084224832,-0.0270565348296463,3.07338112666646,3.17035636557289,3.17296180453837,-25.6184757184964
13151,"Henry","Georgia",449,"2021-04-14",6.83380114114916,-1857.13848913806,0.00296974787628228,6.86943811566455,6.85740528983868,6.85458937628314,233.402702665679
13153,"Houston","Georgia",449,"2021-04-14",5.82135384770199,733.358046725612,-0.0201181681780641,5.57993582956522,5.68259907160685,5.68052667045554,-34.4537919369677
13157,"Jackson","Georgia",449,"2021-04-14",5.41355748920031,890.52463870593,-0.0121237598554232,5.26807237093523,5.32858906731557,5.32869117021235,-57.1726253922694
13159,"Jasper","Georgia",449,"2021-04-14",3.30111392310517,552.360935068806,-0.0304315069931286,2.93240846941078,3.08875245423017,3.08809337415327,-22.7772873921905
13161,"Jeff Davis","Georgia",449,"2021-04-14",3.65251180994306,590.983006217209,-0.0249545175767072,3.3684358012041,3.47847121651837,3.47783018690611,-27.7764207794959
13163,"Jefferson","Georgia",449,"2021-04-14",3.40119738166216,346.924604328132,0.0349689543123302,3.81425252784888,3.64210918284453,3.64598006184847,19.8217874737976
13169,"Jones","Georgia",449,"2021-04-14",3.25809653802148,689.119209751565,-0.0133418159640899,3.11023359419946,3.16229108084095,3.16470382627285,-51.9529861921032
13171,"Lamar","Georgia",449,"2021-04-14",3.77111755235091,-416.55337086317,0.00438220066300865,3.82370396030701,3.80617515765498,3.80179295699197,158.173309225885
13175,"Laurens","Georgia",449,"2021-04-14",4.04305126783455,357.070797174519,0.0459876555014236,4.54952209856869,4.35423628240409,4.36496485634451,15.0724617944154
13177,"Lee","Georgia",449,"2021-04-14",3.36729582998647,722.191226165501,-0.0120499544896225,3.2075921608311,3.28070019416612,3.28294614855911,-57.5228048501667
13179,"Liberty","Georgia",449,"2021-04-14",5.70092124237517,1325.29485508998,-0.00648561867443436,5.63791494576129,5.65332507725191,5.65552191165413,-106.874488827451
13181,"Lincoln","Georgia",449,"2021-04-14",3.02390315052069,101.508721420285,0.00877780352250323,3.11165479381369,3.08715690938462,3.08534777517821,78.9659028916468
13185,"Lowndes","Georgia",449,"2021-04-14",5.64241352827991,1387.72260591245,-0.00597888986968204,5.57066684984373,5.59812044687716,5.60056129919214,-115.932421514365
13187,"Lumpkin","Georgia",449,"2021-04-14",3.86523084392139,794.694179903709,-0.0111070322370808,3.76188717470215,3.7853165234004,3.78748161826182,-62.4061554666127
13189,"McDuffie","Georgia",449,"2021-04-14",3.67449071666184,627.441313601373,-0.0201088819931145,3.44749314395455,3.53157346433351,3.53372854271004,-34.4697025323081
13191,"McIntosh","Georgia",449,"2021-04-14",3.57954279007647,478.775227461082,-0.107844356479018,2.45617974920366,2.90506780462191,2.82463229472334,-6.42729210123111
13193,"Macon","Georgia",449,"2021-04-14",3.33729357968267,585.762331321296,-0.0236242718417867,3.06554058995828,3.16840058426947,3.17192367679016,-29.3404675158666
13195,"Madison","Georgia",449,"2021-04-14",3.74444930526875,329.879528207504,0.03298548814658,4.16014532735246,3.97046293638598,3.97534772229481,21.0137008577759
13199,"Meriwether","Georgia",449,"2021-04-14",3.94019388239484,-318.412373096543,0.00520524285055193,4.03100446843974,3.97905418223739,3.9766305823487,133.163274118219
13201,"Miller","Georgia",449,"2021-04-14",3.3964241029095,495.886046210698,-0.0664032145435002,2.64856168382095,2.93896453680111,2.931601601105,-10.4384582181013
13205,"Mitchell","Georgia",449,"2021-04-14",3.86223234092513,210.945922037899,0.016466615887741,4.03521137352644,3.97883638643076,3.97749865213932,42.0940881408413
13207,"Monroe","Georgia",449,"2021-04-14",4.16333743370905,568.969068848289,-0.0333356611187659,3.76589859602911,3.9315901961202,3.92998780587769,-20.7929633700814
13211,"Morgan","Georgia",449,"2021-04-14",4.51085950651685,533.842771176038,-0.0508808051176853,3.96070287002854,4.16471468291548,4.15469387069305,-13.6229601508216
13213,"Murray","Georgia",449,"2021-04-14",5.20007431865907,164.228759815876,0.0185670532366593,5.41733214942473,5.32951708573677,5.33004369131568,37.3321049778312
13215,"Muscogee","Georgia",449,"2021-04-14",6.31974001652502,726.219001875677,-0.022393035105797,6.05102359525546,6.1649871888028,6.16298877078444,-30.9536950790787
13217,"Newton","Georgia",449,"2021-04-14",5.95583736946483,-228.435244194978,0.00885711660844755,6.0621227687662,6.01739882733262,6.01783718572396,78.2587845686541
13219,"Oconee","Georgia",449,"2021-04-14",4.68213122712422,527.39000148502,-0.0565164898632431,4.03471229526502,4.30145827220042,4.28651579808152,-12.2645122200123
13221,"Oglethorpe","Georgia",449,"2021-04-14",3.23587340123677,544.117809547096,-0.0326648715204875,2.87835692752269,3.00770663638977,3.00721930059336,-21.2199573515911
13223,"Paulding","Georgia",449,"2021-04-14",6.57348062590441,1022.74158959119,-0.0113582309343757,6.4371818546919,6.49293847543959,6.49397300936378,-61.0259805919368
13225,"Peach","Georgia",449,"2021-04-14",3.90629233071916,637.999851090785,-0.0201881070643101,3.67423247950926,3.76470278390562,3.76497558126899,-34.3344315716126
13227,"Pickens","Georgia",449,"2021-04-14",4.52334016774046,-192.278348010039,0.00710905876632014,4.6086488729363,4.57399177799592,4.5731035791047,97.5019624037711
13229,"Pierce","Georgia",449,"2021-04-14",3.30111392310517,325.185098574039,0.0275161498125287,3.59952242534791,3.49457487452324,3.49372697179287,25.1905584641184
13231,"Pike","Georgia",449,"2021-04-14",4.42056029867612,606.210523599291,-0.0272519945105179,4.09353636454991,4.231335492976,4.22979633710249,-25.4347321364836
13233,"Polk","Georgia",449,"2021-04-14",4.89463638023338,683.067966224335,-0.0204738278303685,4.64895044626896,4.75305714135314,4.7513195854208,-33.8552803268088
13235,"Pulaski","Georgia",449,"2021-04-14",3.01693448120459,715.5212657453,-0.0111112272290106,2.88359975445646,2.93501333268861,2.93915589060152,-62.3825943141718
13237,"Putnam","Georgia",449,"2021-04-14",3.62624388312245,553.876781533942,-0.0330594467183058,3.23575224408062,3.39173309807794,3.39482775609431,-20.9666902917686
13241,"Rabun","Georgia",449,"2021-04-14",3.95672318434605,363.727550322685,0.0489949228478329,4.52088155292058,4.28959365075871,4.29968764428088,14.1473267079673
13245,"Richmond","Georgia",449,"2021-04-14",6.25739387773997,36.599764263568,0.0153502232238411,6.43788723868582,6.36335606615751,6.36484544030686,45.1555114510249
13247,"Rockdale","Georgia",449,"2021-04-14",5.66246432532547,833.067748941837,-0.0145539288227459,5.48781717945252,5.56130036687429,5.56058682356625,-47.6261213725771
13251,"Screven","Georgia",449,"2021-04-14",3.22457384598284,577.285248744851,-0.0243801155161851,2.95694837480871,3.05200577770542,3.05391303736954,-28.4308407029405
13253,"Seminole","Georgia",449,"2021-04-14",3.26357600378611,662.016202648012,-0.0149958057607118,3.08937895846903,3.15447922993732,3.15860536346113,-46.2227366518679
13255,"Spalding","Georgia",449,"2021-04-14",5.29114887706943,-755.29508256533,0.00441188240824893,5.34409146596842,5.32500405127742,5.32203205392717,157.109169379484
13257,"Stephens","Georgia",449,"2021-04-14",3.59535339610311,575.990613358557,-0.0276016411815677,3.31193785507912,3.40162122525324,3.40214190783214,-25.1125350119697
13261,"Sumter","Georgia",449,"2021-04-14",3.36729582998647,548.402899881473,-0.0330508976308928,3.05399878478019,3.13679020061502,3.13593954657022,-20.9721136261079
13267,"Tattnall","Georgia",449,"2021-04-14",3.40119738166216,643.793468427398,-0.0169552233212198,3.18408019545298,3.27974023008435,3.28251081841362,-40.8810410472421
13271,"Telfair","Georgia",449,"2021-04-14",3.0513021247088,540.379514725587,-0.0324684870737248,2.73967518315489,2.82477987574732,2.82402271519273,-21.3483054811284
13275,"Thomas","Georgia",449,"2021-04-14",4.11787505963229,646.095206848363,-0.020364382299118,3.87117146548997,3.97567420562692,3.97532438353846,-34.0372308071415
13277,"Tift","Georgia",449,"2021-04-14",4.13173209429372,264.913530948674,0.0230711572805066,4.4085859816598,4.29309845545811,4.29323019525727,30.0438843241558
13279,"Toombs","Georgia",449,"2021-04-14",4.08717607274349,543.78512234561,-0.0411258771195359,3.61024015450899,3.80272507733743,3.79929493290674,-16.8542832179665
13285,"Troup","Georgia",449,"2021-04-14",4.99334379698619,711.799081025529,-0.0186458585961697,4.76959349383216,4.8643214943093,4.862822786813,-37.1743235627849
13291,"Union","Georgia",449,"2021-04-14",3.27983652465789,524.960478019934,-0.0410053397002345,2.82774782709794,2.99390529240613,2.99279914675625,-16.9038272973015
13293,"Upson","Georgia",449,"2021-04-14",4.26869794936688,983.589320837544,-0.00795379769223345,4.19633872252468,4.21104963950656,4.21302136552125,-87.1466948721582
13295,"Walker","Georgia",449,"2021-04-14",5.73979291217923,-14.1394337276797,0.0125284847573086,5.89013472926693,5.82847065028483,5.82749230548039,55.3256993153615
13297,"Walton","Georgia",449,"2021-04-14",5.67528501375453,614.590479202414,-0.0333617542189962,5.29085658862375,5.44400590867309,5.44175273422156,-20.7767006497898
13299,"Ware","Georgia",449,"2021-04-14",4.48863636973214,1273.47384431414,-0.00543977571554118,4.44687436639014,4.44832329495676,4.45055793972335,-127.422014584104
13305,"Wayne","Georgia",449,"2021-04-14",4.57028292698765,788.986945836269,-0.0131997460183783,4.39534311247423,4.47791072105988,4.477884704859,-52.5121604305767
13311,"White","Georgia",449,"2021-04-14",4.10146202999096,654.541509591893,-0.0196160300034644,3.89459620908767,3.96326970102072,3.96414981996671,-35.335752465587
13313,"Whitfield","Georgia",449,"2021-04-14",5.97671342516197,1399.76111630904,-0.00626516616137744,5.91282021032318,5.9287644356101,5.93285726203233,-110.63508336506
13321,"Worth","Georgia",449,"2021-04-14",3.09751496786393,376.914196827633,0.0457934745964344,3.62161371851241,3.4108702344949,3.41806929003897,15.1363744871614
15001,"Hawaii","Hawaii",449,"2021-04-14",5.39686904027653,84.9706586739974,0.0150318328311115,5.57725103424987,5.50343824984017,5.50209187009431,46.1119537682281
15003,"Honolulu","Hawaii",449,"2021-04-14",7.20648326296602,-78.8145206616105,0.0137840151299669,7.37189144452562,7.3051378805747,7.30297136887579,50.2863043913106
15009,"Maui","Hawaii",449,"2021-04-14",6.55148841503274,1650.01229686118,-0.00543235623059893,6.48630014026555,6.51494156668512,6.51346192141855,-127.596046933675
16001,"Ada","Idaho",449,"2021-04-14",7.51542237705482,-635.330381624945,0.00696304162747671,7.59897887658454,7.56668208503391,7.56416366844716,99.5466087441919
16005,"Bannock","Idaho",449,"2021-04-14",5.74665949901259,633.773429514451,-0.0302816865022455,5.38327926098564,5.53760780051468,5.53468769349687,-22.8899794107751
16011,"Bingham","Idaho",449,"2021-04-14",5.40524807737538,662.230435146249,-0.024768534571051,5.10802566252277,5.23494970200458,5.23186833537802,-27.9849895265941
16013,"Blaine","Idaho",449,"2021-04-14",4.54935540688169,70.6496456163723,0.0121703076254252,4.68983235641536,4.63761310089218,4.63454756025967,56.9539572781119
16017,"Bonner","Idaho",449,"2021-04-14",4.3658246600976,297.167922968057,0.0296584719701831,4.71071670461784,4.57175346566634,4.57343396388888,23.3709673666531
16019,"Bonneville","Idaho",449,"2021-04-14",6.84618378044797,670.666890414859,-0.0302037221577341,6.48373911455516,6.63978152638067,6.63475772534383,-22.9490649178964
16027,"Canyon","Idaho",449,"2021-04-14",6.49957219480692,1360.0148862144,-0.00709548752167951,6.41442634454677,6.44731039249403,6.44990378215516,-97.6884503625871
16029,"Caribou","Idaho",449,"2021-04-14",3.81299162482197,129.358614928816,0.0121185317816959,3.95841400620232,3.90043109110651,3.89782134729384,57.1972903191861
16031,"Cassia","Idaho",449,"2021-04-14",3.47462485021697,-20.5893429472742,0.0074160122496266,3.53439240533848,3.52951835114612,3.52653693596436,93.4662939094856
16039,"Elmore","Idaho",449,"2021-04-14",5.17372548896232,1259.31462487415,-0.00634567973039971,5.09757733219752,5.12780267559491,5.12930573084952,-109.231352669651
16041,"Franklin","Idaho",449,"2021-04-14",4.04054185622913,690.756500853456,-0.0163746115796509,3.84404651727332,3.92698002541402,3.92591957517157,-42.33060290855
16043,"Fremont","Idaho",449,"2021-04-14",3.83174217416734,749.583049949654,-0.0128093351406901,3.76060367843108,3.74157534071642,3.74207682818251,-54.1126586935878
16045,"Gem","Idaho",449,"2021-04-14",3.25809653802148,591.542277611475,-0.0220055960782159,2.98268861263953,3.10379175603216,3.10405736547397,-31.4986777952412
16051,"Jefferson","Idaho",449,"2021-04-14",5.43434563937115,739.077557258921,-0.0184166687899029,5.21334561389232,5.3073770779966,5.30542895784183,-37.6369466415104
16055,"Kootenai","Idaho",449,"2021-04-14",5.84022628872776,-315.816838595351,0.00768636070177703,5.93246261714908,5.89630162267682,5.8940308136402,90.1788515336907
16057,"Latah","Idaho",449,"2021-04-14",4.60944674275535,237.512015933783,0.0224603326689426,4.90731280629388,4.76465014002211,4.76666907143795,30.8609489795494
16065,"Madison","Idaho",449,"2021-04-14",5.90107083308347,773.562128996581,-0.0179057916971543,5.68620133271762,5.77756580250418,5.77573029120339,-38.7107809742981
16069,"Nez Perce","Idaho",449,"2021-04-14",4.24645234041956,548.753521305325,-0.0406722955719429,3.77249863386868,3.96703611140865,3.96174627141596,-17.0422438864774
16075,"Payette","Idaho",449,"2021-04-14",4.11321304652648,1024.88059724832,-0.00712414093313001,4.05278554892021,4.06088193216725,4.06334405999457,-97.2955458161338
16079,"Shoshone","Idaho",449,"2021-04-14",3.11033565629299,519.913069538794,-0.0415384824923046,2.65485192006663,2.82164841883044,2.81956627884686,-16.686868151439
16081,"Teton","Idaho",449,"2021-04-14",4.01251454397447,910.632061942352,-0.00860805315471643,3.9134969550381,3.95137216483065,3.95225817189146,-80.5231064564423
16083,"Twin Falls","Idaho",449,"2021-04-14",5.03973166858389,341.423280858489,0.0489381781492601,5.60717589310502,5.37217230936149,5.38229891562871,14.1637307879722
17001,"Adams","Illinois",449,"2021-04-14",4.30791866252016,351.481266818303,0.0460388643421633,4.81192377816689,4.63300084270665,4.6301907129153,15.0556967567323
17005,"Bond","Illinois",449,"2021-04-14",3.41538201665411,362.74009680618,0.0414169452512644,3.86254030471665,3.70354540679902,3.70530063341296,16.735835449834
17007,"Boone","Illinois",449,"2021-04-14",5.46201417350429,313.757290560408,0.0419371970761835,5.96526053841849,5.7541344418098,5.75557455303757,16.5282190724566
17011,"Bureau","Illinois",449,"2021-04-14",4.63611498983751,360.054578191086,0.0549490723436706,5.27211192402198,5.01430355725274,5.0207584962432,12.614356366651
17015,"Carroll","Illinois",449,"2021-04-14",4.27268997063642,351.482959114335,0.0455886738621538,4.76479328997396,4.58840997433337,4.5918106876715,15.2043725302432
17017,"Cass","Illinois",449,"2021-04-14",3.64133850934494,197.751730991886,0.0147963121949739,3.82112201205564,3.74840945165079,3.74491269470976,46.8459418418732
17019,"Champaign","Illinois",449,"2021-04-14",6.70388900690895,278.33858686449,0.0404674141070208,7.1894979761932,6.98577671848556,6.9871609056581,17.1285266394051
17021,"Christian","Illinois",449,"2021-04-14",4.54481338544719,312.156419876532,0.0344712528375755,4.9584684194981,4.78505843698541,4.78611215531022,20.1079776190896
17023,"Clark","Illinois",449,"2021-04-14",3.54302757710137,111.012773823119,0.0106235157501582,3.66497723089347,3.62387491043661,3.61739218735248,65.2464962505115
17027,"Clinton","Illinois",449,"2021-04-14",3.86523084392139,508.48656038292,-0.0610512206486643,3.2043685790271,3.47104193380995,3.43787229938074,-11.353535165969
17029,"Coles","Illinois",449,"2021-04-14",4.77671964580014,665.550671029135,-0.0218259702121096,4.57364670380948,4.62589421782118,4.62393785431537,-31.7579092165795
17031,"Cook","Illinois",449,"2021-04-14",10.1371187726313,42.7446196390471,0.0252635086500581,10.440280876432,10.314999500273,10.3139633331817,27.4366949643137
17033,"Crawford","Illinois",449,"2021-04-14",3.9756682705885,972.677200627031,-0.00752002973813361,3.8854279137309,3.91818541045415,3.92302806242156,-92.1734626985634
17035,"Cumberland","Illinois",449,"2021-04-14",3.59926729542425,531.084395962544,-0.0417120147019527,3.13192142827686,3.32251255420877,3.30728319251058,-16.6174466880281
17037,"DeKalb","Illinois",449,"2021-04-14",6.23300918379308,328.301680572622,0.0538729448676691,6.87948452220511,6.59999638409063,6.61011979786676,12.8663317415181
17039,"De Witt","Illinois",449,"2021-04-14",4.06290303638728,335.253709916536,0.037361302470815,4.51123866603706,4.32168783069657,4.32443215368299,18.552543265894
17041,"Douglas","Illinois",449,"2021-04-14",3.26902560855367,631.969205487929,-0.0176773716580702,3.11067304578545,3.14377949453471,3.14528400694718,-39.2109864502115
17043,"DuPage","Illinois",449,"2021-04-14",8.50219557298156,90.0662097121656,0.0240219945263412,8.79045950729765,8.67190460578745,8.67034953466595,28.8546889726362
17045,"Edgar","Illinois",449,"2021-04-14",3.65251180994306,577.886123824607,-0.0275304982170964,3.35558571464214,3.46146697889855,3.45979832242338,-25.1774295944089
17049,"Effingham","Illinois",449,"2021-04-14",4.79105680894654,305.932108130622,0.0347007312422734,5.20746558385382,5.03242681043069,5.03396192764245,19.9750021323912
17051,"Fayette","Illinois",449,"2021-04-14",3.74444930526875,329.335135108822,0.0324851287204633,4.11472444035,3.97345309646802,3.97184520631199,21.3373690627648
17053,"Ford","Illinois",449,"2021-04-14",3.74444930526875,362.418098737811,0.0457936276783481,4.28545474383264,4.06234594330958,4.06500469901719,15.1363238883054
17055,"Franklin","Illinois",449,"2021-04-14",4.47571211875121,671.309736766265,-0.0196899269799139,4.23943299499224,4.34070169180582,4.33788262989181,-35.2031361653621
17057,"Fulton","Illinois",449,"2021-04-14",6.10383614189688,-141.333452699705,0.0104279639472927,6.22897170926439,6.18342230479381,6.17683188952793,66.4700399870389
17061,"Greene","Illinois",449,"2021-04-14",3.18398856586776,559.188963805345,-0.0280860270405568,2.89816802772397,2.99418760854375,2.98738637658386,-24.6794315037519
17063,"Grundy","Illinois",449,"2021-04-14",5.31390946130787,178.439822603755,0.01990397230674,5.5245500843487,5.45540398865557,5.45323726745505,34.8245651610573
17067,"Hancock","Illinois",449,"2021-04-14",3.19575340744735,393.345384073396,0.062123778288064,3.89234146854812,3.61998427946943,3.6306198554638,11.1575180979152
17073,"Henry","Illinois",449,"2021-04-14",5.39232800101028,243.961533661828,0.0269564554244001,5.71580546610308,5.58296188143019,5.58102318898108,25.7135876971618
17075,"Iroquois","Illinois",449,"2021-04-14",4.20894794496111,301.175701083336,0.0291293644360303,4.50993342669639,4.41399395054711,4.41285349601332,23.7954790288039
17077,"Jackson","Illinois",449,"2021-04-14",5.02669610224644,189.467546359384,0.0197524219807616,5.26466149587722,5.16865466994235,5.16496305611177,35.0917564051161
17079,"Jasper","Illinois",449,"2021-04-14",3.05803615689015,604.880388351594,-0.018965922971348,2.82365397742071,2.92624298802018,2.92527469609071,-36.5469785787431
17081,"Jefferson","Illinois",449,"2021-04-14",4.40497556765943,250.713184584239,0.0226554890632905,4.65087320148952,4.5650546689737,4.56356399110246,30.5951100249289
17083,"Jersey","Illinois",449,"2021-04-14",4.27468002104443,133.962647309539,0.0137385297903557,4.4243197635452,4.37459816629219,4.37084972957692,50.4527916114084
17085,"Jo Daviess","Illinois",449,"2021-04-14",4.54935540688169,304.942237436282,0.0327155803675262,4.941942371292,4.78040279757486,4.77836446945437,21.1870666139235
17089,"Kane","Illinois",449,"2021-04-14",7.81877500060035,240.301951372673,0.0383841428687669,8.27938471502555,8.08258895584285,8.08746400068172,18.0581648763078
17091,"Kankakee","Illinois",449,"2021-04-14",6.16811529330144,266.273670459024,0.0347056922248503,6.58458359999964,6.41011349237001,6.41105513887539,19.9721468187179
17093,"Kendall","Illinois",449,"2021-04-14",6.35610766069589,189.992943094157,0.0250233506821506,6.6563878688817,6.53346643359689,6.53127111547094,27.7000146528888
17095,"Knox","Illinois",449,"2021-04-14",5.06530383829505,310.650176102987,0.0379099509878971,5.51020470003524,5.33091247836801,5.33067349521033,18.2840431732881
17097,"Lake","Illinois",449,"2021-04-14",7.79223095089282,94.6470397266336,0.0223047514605156,8.05988796841901,7.94986654353659,7.94836421111643,31.0762118011927
17099,"LaSalle","Illinois",449,"2021-04-14",6.04568213301278,243.374822411046,0.030134214487273,6.40729270686005,6.25583617523098,6.25662163442369,23.0019993005855
17101,"Lawrence","Illinois",449,"2021-04-14",3.47903986842609,574.33327646928,-0.0268850767636013,3.18139922156506,3.29433035219358,3.29084433108088,-25.7818561075627
17103,"Lee","Illinois",449,"2021-04-14",5.80168668963757,-158.795924658975,0.00962462825693423,5.91718222872078,5.87522350462815,5.86905908743611,72.0180730160207
17105,"Livingston","Illinois",449,"2021-04-14",5.15494175988874,293.417200809761,0.0342332709154665,5.56574101087434,5.39185997974049,5.39457465629701,20.2477637112609
17107,"Logan","Illinois",449,"2021-04-14",5.27811465923052,150.770012713,0.0180282622221759,5.50276624888145,5.40765620532501,5.40431249478575,38.4478088912714
17109,"McDonough","Illinois",449,"2021-04-14",4.93035446283545,287.233338271592,0.0314067616648478,5.3004143218761,5.15122381952751,5.15020179448939,22.0699984276237
17111,"McHenry","Illinois",449,"2021-04-14",7.11500170942894,258.801005719878,0.0384181444239767,7.57601944251666,7.37988821664903,7.38392872039678,18.042182696553
17113,"McLean","Illinois",449,"2021-04-14",7.15159741464653,187.283788068097,0.0278579890254207,7.48589328295158,7.34665180532178,7.34660333782448,24.8814507008184
17115,"Macon","Illinois",449,"2021-04-14",5.8158348356036,262.999156558705,0.0321315344449756,6.20141324894331,6.03999795035704,6.04075557671843,21.572178003106
17117,"Macoupin","Illinois",449,"2021-04-14",4.53566698022112,281.806602536252,0.0279101596911352,4.86176554035461,4.73099612736646,4.73103809805907,24.8349414059462
17119,"Madison","Illinois",449,"2021-04-14",6.71901315438526,1771.45433099572,-0.00506157763585384,6.65827422275501,6.68419796790341,6.68358211093428,-136.942911958915
17121,"Marion","Illinois",449,"2021-04-14",3.97834564835922,539.781374025491,-0.0415356919738949,3.47991734467248,3.70069008005465,3.68759580454196,-16.6879892357538
17123,"Marshall","Illinois",449,"2021-04-14",4.30983989269805,-38.1437091020466,0.00899884995500711,4.44672509442,4.37990946216022,4.3728318423831,77.0261960167773
17125,"Mason","Illinois",449,"2021-04-14",4.40671924726425,309.991053324701,0.0327379528090245,4.78003400595131,4.63496158716332,4.63588491692742,21.1725878097324
17129,"Menard","Illinois",449,"2021-04-14",4.43251603459627,621.192292273011,-0.0249718367417648,4.12515495363953,4.26777411417792,4.25771317740392,-27.7571565010543
17131,"Mercer","Illinois",449,"2021-04-14",3.65989191724069,323.060943772309,0.0301544919469182,4.00870970044882,3.87505561250626,3.87097336086912,22.9865315515881
17133,"Monroe","Illinois",449,"2021-04-14",4.89142266563028,285.061041066098,0.0307754794572705,5.26072841911753,5.10379894421119,5.10685102183117,22.5227094031899
17135,"Montgomery","Illinois",449,"2021-04-14",3.9756682705885,246.053032986696,0.0201368372933206,4.22766791497306,4.11781788269262,4.11662613164174,34.4218493928965
17137,"Morgan","Illinois",449,"2021-04-14",4.34565899050301,12.2706470867798,0.0100657019523445,4.46644741393114,4.42247402672523,4.41611890416942,68.8622794358123
17139,"Moultrie","Illinois",449,"2021-04-14",3.55534806148941,223.067969584275,0.0160924971123443,3.74845802683754,3.67176755400012,3.66799554127582,43.0726925548581
17141,"Ogle","Illinois",449,"2021-04-14",5.97308233910993,162.713651803233,0.021234881740267,6.22790091999313,6.12349337689902,6.1217265112918,32.6419138584395
17143,"Peoria","Illinois",449,"2021-04-14",7.86518795418747,231.872173059547,0.0370775869796437,8.31011899794319,8.12323483479915,8.12473106304498,18.6945062239486
17145,"Perry","Illinois",449,"2021-04-14",3.36235754834589,825.333008394467,-0.00884316760217578,3.26607369424806,3.29655048916906,3.30045537513066,-78.382228149719
17147,"Piatt","Illinois",449,"2021-04-14",3.36729582998647,743.450308361989,-0.0111944837627427,3.21785780955366,3.28754395998116,3.28893444364727,-61.9186373619897
17149,"Pike","Illinois",449,"2021-04-14",3.25258688221051,347.961308447676,0.0336864267923522,3.63943747371887,3.48836723920702,3.48839186975698,20.576453086954
17157,"Randolph","Illinois",449,"2021-04-14",4.21529717263976,240.385849787123,0.0206710960674916,4.45698081256094,4.36149602507197,4.3599948451122,33.5321928888921
17159,"Richland","Illinois",449,"2021-04-14",3.88303546855489,255.289709022991,0.0205907165115519,4.13276870245868,4.02995657601381,4.02717048413575,33.6630918196106
17161,"Rock Island","Illinois",449,"2021-04-14",6.42948903674304,210.450418345526,0.0275294393216049,6.7598423086023,6.62262642045147,6.62219511199427,25.1783980219303
17163,"St. Clair","Illinois",449,"2021-04-14",6.6265285165869,1300.04752517159,-0.00774084185952016,6.53363841427266,6.57289432828875,6.57234262357026,-89.5441598135054
17165,"Saline","Illinois",449,"2021-04-14",4.42227703729518,1190.12807794621,-0.00591770849405954,4.3443559625899,4.37836003022406,4.38085307783676,-117.131011312192
17167,"Sangamon","Illinois",449,"2021-04-14",6.69967625712932,-47.1121040095751,0.0136418471514575,6.86337842294681,6.79944452599423,6.79516918718952,50.8103611530268
17173,"Shelby","Illinois",449,"2021-04-14",3.66356164612965,312.074649914722,0.0276764084353224,3.9833367731569,3.85899742720897,3.85729650517691,25.0446940100547
17175,"Stark","Illinois",449,"2021-04-14",3.67449071666184,389.952479704377,0.0664377935673757,4.38805151903764,4.12292646650223,4.13955527163347,10.4330252908988
17177,"Stephenson","Illinois",449,"2021-04-14",5.40973095391894,317.357022571863,0.0425751429477871,5.90274458270975,5.70524115306141,5.70775695455345,16.2805602651763
17179,"Tazewell","Illinois",449,"2021-04-14",7.20944591458811,271.944644760799,0.0419018978198334,7.71226868842611,7.50115015873044,7.50275919932694,16.5421428771625
17183,"Vermilion","Illinois",449,"2021-04-14",5.17129535410903,28.6463364547015,0.0124503424622979,5.3206994636566,5.26438871362189,5.25844775134512,55.6729409378844
17185,"Wabash","Illinois",449,"2021-04-14",3.28519846779927,594.997773280433,-0.0220391601767536,3.06339418953956,3.13527194155844,3.13092434656199,-31.4507075133952
17187,"Warren","Illinois",449,"2021-04-14",3.86523084392139,359.14550284762,0.0455336101454336,4.41013491416846,4.183549834893,4.18396611493942,15.222759151889
17191,"Wayne","Illinois",449,"2021-04-14",3.16003532484527,152.851395932217,0.0108305987592513,3.2832808950853,3.24060106884289,3.23584951616003,63.998971429707
17195,"Whiteside","Illinois",449,"2021-04-14",6.35362442127728,280.30416045856,0.0388135974565733,6.81938759075616,6.62328012686151,6.62531960347329,17.8583595951258
17197,"Will","Illinois",449,"2021-04-14",8.09180230557205,143.628845683429,0.0269393455040088,8.41507445162016,8.28086975968631,8.28037772410011,25.7299191050057
17199,"Williamson","Illinois",449,"2021-04-14",5.1197032145424,234.460118973487,0.024433073023911,5.41290009082933,5.28921478499805,5.29073472570978,28.3692182265248
17201,"Winnebago","Illinois",449,"2021-04-14",7.30345860988835,283.685899930332,0.0455571818493476,7.85014479208052,7.61499157252354,7.62235888283378,15.2148827566223
17203,"Woodford","Illinois",449,"2021-04-14",6.06974746550203,235.710815307084,0.0291409631971566,6.41943902386791,6.27406245768332,6.27373420788213,23.7860078910356
18001,"Adams","Indiana",449,"2021-04-14",4.17218704898604,1119.81397378121,-0.00620982731062037,4.12217014355798,4.12470865141068,4.1287182578117,-111.621007459336
18003,"Allen","Indiana",449,"2021-04-14",7.3934389034844,-52.2484198994124,0.0148986648763194,7.57222288200023,7.49748379808047,7.49772955761864,46.5241138259081
18005,"Bartholomew","Indiana",449,"2021-04-14",5.30472536284337,131.551772812961,0.0169903786300372,5.51249822575213,5.42346829860643,5.42365801325363,40.7964528427008
18009,"Blackford","Indiana",449,"2021-04-14",3.95672318434605,528.61493108993,-0.0472864391622195,3.43370152125273,3.63422303067671,3.62571811021051,-14.6584769934157
18011,"Boone","Indiana",449,"2021-04-14",5.30045793104715,220.411303907809,0.0237062875882671,5.58493338210635,5.46484524983332,5.46640194416502,29.2389594102031
18013,"Brown","Indiana",449,"2021-04-14",3.26902560855367,379.461541964917,0.0499046219364117,3.81962281183672,3.61238212565051,3.61835796210855,13.8894385662945
18015,"Carroll","Indiana",449,"2021-04-14",4.02535169073515,-183.664391658557,0.0063995881338443,4.09358865050083,4.07143329513913,4.07014880767206,108.31121723197
18017,"Cass","Indiana",449,"2021-04-14",4.4724547868809,620.873684679985,-0.0253902756009642,4.18618829337129,4.29827350867819,4.29472285767415,-27.2997107811474
18019,"Clark","Indiana",449,"2021-04-14",5.7489379233293,1698.93496693229,-0.00458106441753128,5.69396515031892,5.71683074186117,5.71687047240658,-151.307014567911
18021,"Clay","Indiana",449,"2021-04-14",4.12943588203337,298.504320740488,0.0284225313869443,4.47642588706158,4.32884228108651,4.32839360174198,24.3872430334737
18023,"Clinton","Indiana",449,"2021-04-14",4.77310300532994,302.520285809843,0.0336040911741844,5.15754630903381,5.00753430800609,5.00833164354923,20.6268688228188
18025,"Crawford","Indiana",449,"2021-04-14",3.16607763930123,545.675132551716,-0.0312856932819025,2.80554869202694,2.95129878150292,2.94707778632791,-22.1554042071013
18029,"Dearborn","Indiana",449,"2021-04-14",4.59222967471236,287.47824039933,0.0293392413069492,4.94430057039575,4.79757291837196,4.79760436386101,23.6252591983613
18031,"Decatur","Indiana",449,"2021-04-14",3.77767495289707,82.709394758391,0.0103803198105412,3.87487586467837,3.85086521493839,3.85033719157086,66.7751276657255
18033,"DeKalb","Indiana",449,"2021-04-14",4.6525988795592,304.159285151953,0.0332707029180649,5.05184731457598,4.88411100082133,4.88549379998565,20.8335598519498
18035,"Delaware","Indiana",449,"2021-04-14",5.4504251447455,274.281009714561,0.0321144094457479,5.83579805809448,5.67365039692849,5.67522601086574,21.5836813605713
18037,"Dubois","Indiana",449,"2021-04-14",4.17218704898604,-357.862289196863,0.00523262838720548,4.25863891772754,4.21184300352536,4.20881544769648,132.466349464982
18039,"Elkhart","Indiana",449,"2021-04-14",6.85027748641514,147.829221823708,0.023129484713504,7.12783130297719,7.0118909386025,7.01218387940967,29.9681203081561
18041,"Fayette","Indiana",449,"2021-04-14",3.3322045101752,137.2529119823,0.0108226354321877,3.44968352868701,3.40852909346551,3.40796295820051,64.0460620615982
18043,"Floyd","Indiana",449,"2021-04-14",5.13579843705026,-660.403515496295,0.00465029164158568,5.19160193674929,5.17216008076816,5.16835047854136,149.054561301362
18045,"Fountain","Indiana",449,"2021-04-14",3.47019025314911,768.225850516927,-0.0107166503079501,3.3460152570922,3.39330666596249,3.39517370099346,-64.6794623918762
18047,"Franklin","Indiana",449,"2021-04-14",3.35240721749272,6.92540453993924,0.00750939749830588,3.37227964370051,3.40746985565563,3.40497299998086,92.3039672245768
18049,"Fulton","Indiana",449,"2021-04-14",3.93741223943297,866.875818348868,-0.00935050562868875,3.84189665216319,3.87093001774095,3.87195870003215,-74.1293795314412
18051,"Gibson","Indiana",449,"2021-04-14",4.64439089914137,1007.36285531283,-0.00820287715855759,4.52276177192273,4.58561253556288,4.58697075903147,-84.5004950289698
18053,"Grant","Indiana",449,"2021-04-14",5.20479130853721,-85.020102378002,0.0098385510969075,5.3228539217001,5.27404338207044,5.27366116621556,70.4521604586491
18055,"Greene","Indiana",449,"2021-04-14",3.30636327899132,346.863153122844,0.0336569358868742,3.67321185824006,3.543701163118,3.54196183019944,20.5944826020322
18057,"Hamilton","Indiana",449,"2021-04-14",6.99091400594199,42.0839896681673,0.0173939674614358,7.19964161547922,7.1128285116361,7.11267177817204,39.8498607115785
18059,"Hancock","Indiana",449,"2021-04-14",5.61260659399033,242.011420318664,0.0277867521166046,5.94604761938959,5.80525312451978,5.80711385880656,24.9452392870968
18061,"Harrison","Indiana",449,"2021-04-14",4.69918082045033,595.811565838944,-0.0309540369634002,4.32773237688953,4.4873122340277,4.48250256170653,-22.3927877769067
18063,"Hendricks","Indiana",449,"2021-04-14",6.19644412779452,-11.8572696195508,0.0135929479263673,6.35955950291093,6.29230319913986,6.29159476327909,50.993146175113
18065,"Henry","Indiana",449,"2021-04-14",4.34565899050301,-195.261567340179,0.00685734528579544,4.46592543861993,4.39494670773991,4.39366040750358,101.080979835703
18067,"Howard","Indiana",449,"2021-04-14",5.69228809523047,3103.34108808938,-0.00214247013784123,5.67184922591161,5.67514833412774,5.67729080426558,-323.527114015398
18069,"Huntington","Indiana",449,"2021-04-14",4.85203026391962,-174.599087857839,0.00784357810924331,4.94615320123054,4.90805993854482,4.90693531068432,88.3712982654055
18071,"Jackson","Indiana",449,"2021-04-14",5.23947686652511,-520.862848202445,0.00543028149159888,5.3046402444243,5.28216125559479,5.2774888369663,127.64479735209
18073,"Jasper","Indiana",449,"2021-04-14",5.12396397940326,261.161682168373,0.0280245631231515,5.46025873688108,5.31882274614585,5.32013592126532,24.7335588253051
18075,"Jay","Indiana",449,"2021-04-14",3.63758615972639,-433.220677385656,0.00416225924224063,3.70116698283992,3.67088423366432,3.66672197442207,166.53147731058
18077,"Jefferson","Indiana",449,"2021-04-14",4.43251603459627,377.069085853226,0.066225242716335,5.22721894719229,4.85676879922153,4.89609273361062,10.4665102327964
18079,"Jennings","Indiana",449,"2021-04-14",3.58747933967221,63.907640447483,0.00939985874887312,3.68561279630603,3.65474166006745,3.65327835091432,73.7401698342586
18081,"Johnson","Indiana",449,"2021-04-14",6.36843219431448,1308.86604853318,-0.00736348964688279,6.28007031855189,6.31781903072357,6.3168877667863,-94.132974146759
18083,"Knox","Indiana",449,"2021-04-14",3.90052862600241,373.177255754118,0.0548253216718254,4.54078359502381,4.27958980568599,4.28430587770519,12.642829251582
18085,"Kosciusko","Indiana",449,"2021-04-14",5.7268477475872,199.000572361061,0.0233749433734473,6.00734706806857,5.8903057177529,5.89047235120133,29.6534271542802
18087,"LaGrange","Indiana",449,"2021-04-14",3.94019388239484,370.541273768991,0.0530253076986088,4.53147525393043,4.29837524288592,4.3113710362851,13.0720067575983
18089,"Lake","Indiana",449,"2021-04-14",7.30739392235298,152.136456716085,0.025037021890893,7.6078381850437,7.48079657822551,7.48265307558923,27.6848893442902
18091,"LaPorte","Indiana",449,"2021-04-14",6.47146270707871,282.246534812842,0.0400081859117568,6.95156093801979,6.74701615876505,6.75152000846101,17.3251339635536
18093,"Lawrence","Indiana",449,"2021-04-14",4.30791866252016,356.444771123315,0.0487652962679039,4.85484023119055,4.64472139513061,4.64927573639549,14.2139438003611
18095,"Madison","Indiana",449,"2021-04-14",5.66642668811243,198.47610854444,0.0230789217885057,5.9433737495745,5.82805704842335,5.82797914063197,30.0337765737896
18097,"Marion","Indiana",449,"2021-04-14",7.96415571884094,173.637606536352,0.0294573354556124,8.31764374430829,8.16642999270521,8.17035706703023,23.5305457822012
18099,"Marshall","Indiana",449,"2021-04-14",5.13579843705026,247.367113032846,0.0260027465339067,5.42502807844411,5.31656148134887,5.31781766278761,26.6566910405447
18103,"Miami","Indiana",449,"2021-04-14",4.0990951649807,-123.200477114993,0.00720949013688554,4.17574012703994,4.15202048331718,4.1495615959389,96.1437171560347
18105,"Monroe","Indiana",449,"2021-04-14",6.4118182677099,108.326306529184,0.019101342739768,6.64103438058712,6.54640149586877,6.54552766688828,36.2878772452393
18107,"Montgomery","Indiana",449,"2021-04-14",4.94673149211678,1244.2573824861,-0.00618142562677661,4.87255438459546,4.90234338905911,4.90346151272934,-112.133870471139
18109,"Morgan","Indiana",449,"2021-04-14",4.80869395043265,1797.39731739243,-0.00351689419035381,4.71755243249362,4.78172361940611,4.78407569110017,-197.090712157653
18111,"Newton","Indiana",449,"2021-04-14",3.65620867182439,700.128057245366,-0.0143106137362053,3.49362232940865,3.55637603872162,3.55603437567095,-48.4358807621443
18113,"Noble","Indiana",449,"2021-04-14",5.01917019654609,256.390501777519,0.0267532840506507,5.3402096051539,5.20445885918395,5.20644318490065,25.9088633473051
18117,"Orange","Indiana",449,"2021-04-14",3.40594798442075,312.659262635397,0.0257883133978042,3.69651585783072,3.5882725269167,3.58646617820538,26.878344848212
18119,"Owen","Indiana",449,"2021-04-14",3.67810735713203,368.182663454312,0.0479410897711671,4.21005881480163,4.00977260129179,4.0136949855302,14.458310895069
18121,"Parke","Indiana",449,"2021-04-14",3.10394585819422,238.165986332163,0.0150265002555968,3.27328286205744,3.21125445540309,3.2091313599834,46.1283178897077
18123,"Perry","Indiana",449,"2021-04-14",3.38680864421006,658.088670384137,-0.0158722063083726,3.20759306892174,3.25983099374308,3.27570320005145,-43.6704996831038
18127,"Porter","Indiana",449,"2021-04-14",6.53627743316211,215.711355448545,0.0286316362603348,6.87985706828613,6.73611756011695,6.73669888698445,24.2091361547578
18129,"Posey","Indiana",449,"2021-04-14",3.47903986842609,645.125431239914,-0.0174010766251853,3.29098612077696,3.357298948465,3.35723233204979,-39.8335801565706
18131,"Pulaski","Indiana",449,"2021-04-14",3.22457384598284,352.747933021067,0.0351321964199484,3.62747189786954,3.47094585935454,3.47049922092248,19.7296853369057
18133,"Putnam","Indiana",449,"2021-04-14",4.41711795448515,550.635248091997,-0.0414948816054079,3.92687841527581,4.13558975526878,4.12665378324729,-16.7044019344692
18135,"Randolph","Indiana",449,"2021-04-14",3.9863350383927,200.843362727902,0.0163941033364921,4.18306427843061,4.10144474024406,4.10109376174814,42.2802739700347
18137,"Ripley","Indiana",449,"2021-04-14",3.4106761256167,311.537100214036,0.0256529152699576,3.7058945278617,3.59203196636972,3.5902465325064,27.0202108908728
18139,"Rush","Indiana",449,"2021-04-14",3.34235688163922,378.460211444293,0.0506989964250187,3.93118946278252,3.69079043919942,3.69724985661435,13.6718126479106
18141,"St. Joseph","Indiana",449,"2021-04-14",7.63281632278761,-120.039921816651,0.0135324044053548,7.79520517565187,7.72791334983513,7.72754315362509,51.2212877916704
18143,"Scott","Indiana",449,"2021-04-14",3.76782265645406,362.634339889206,0.046042841417715,4.29882028234157,4.08539306242235,4.09012254637806,15.0543962800101
18145,"Shelby","Indiana",449,"2021-04-14",4.30019661642625,279.836199073071,0.0261433048613548,4.60550395316773,4.48382645993527,4.48319975045573,26.5133725149095
18147,"Spencer","Indiana",449,"2021-04-14",3.59142411796322,573.386190000158,-0.0280923778460684,3.29765720339481,3.4015048603539,3.39477747304074,-24.673852258361
18149,"Starke","Indiana",449,"2021-04-14",4.36763789722178,362.283997098027,0.0530953392344056,4.97588296577278,4.7326813763954,4.73930527186262,13.0547650802236
18151,"Steuben","Indiana",449,"2021-04-14",4.92621795228367,270.085098028336,0.0282192390591546,5.24637706339768,5.12252704565635,5.12375262569775,24.5629295356595
18157,"Tippecanoe","Indiana",449,"2021-04-14",6.82375235905696,220.195511818657,0.0304897922937446,7.1896298665819,7.0344975402962,7.03718090511317,22.7337455723552
18159,"Tipton","Indiana",449,"2021-04-14",4.10382330617665,645.858625877362,-0.0203822126732476,3.86973889048294,3.9617698775612,3.96114781746392,-34.0074550134454
18163,"Vanderburgh","Indiana",449,"2021-04-14",5.96870755998537,32.5866996226177,0.0144880294363477,6.13442435960865,6.07026012320317,6.0701237660398,47.8427507070748
18165,"Vermillion","Indiana",449,"2021-04-14",3.27983652465789,-4.76165563422134,0.0072852227603473,3.35675130072174,3.33272745810579,3.33083308398032,95.1442671503021
18167,"Vigo","Indiana",449,"2021-04-14",5.49599657899631,-205.786805007416,0.00845815356151097,5.59749442173444,5.55778289578862,5.55520365392689,81.950176893705
18169,"Wabash","Indiana",449,"2021-04-14",4.33635659784069,-202.47064486322,0.00668723054885818,4.40334501185567,4.3842311846772,4.3831672116827,103.652352868004
18173,"Warrick","Indiana",449,"2021-04-14",4.86753445045558,864.733830512614,-0.0115769638184376,4.73189676721595,4.77491873990808,4.78649570372652,-59.8729676822545
18175,"Washington","Indiana",449,"2021-04-14",4.71594459149,231.353800477799,0.0221683846442812,4.98004335988409,4.87131276192547,4.87112328399997,31.267374311766
18177,"Wayne","Indiana",449,"2021-04-14",4.80985877292894,-32.522626963918,0.0101475944115471,4.95732947929336,4.88168273481044,4.88089193380977,68.3065515282324
18179,"Wells","Indiana",449,"2021-04-14",5.05351231845265,1000.64403262309,-0.00907030173512038,4.94008571412417,4.99274142441409,4.99002020630681,-76.4194180967614
18181,"White","Indiana",449,"2021-04-14",3.86223234092513,350.719923454636,0.041420759239453,4.3607807032967,4.15064702764515,4.1521776556013,16.7342944283775
18183,"Whitley","Indiana",449,"2021-04-14",4.90738894413076,305.896897012907,0.0353659980991904,5.30854605492409,5.15265782581254,5.15495093082509,19.5992540240456
19011,"Benton","Iowa",449,"2021-04-14",3.65620867182439,939.075587092561,-0.00736254072995962,3.55666368561813,3.60099159140101,3.60467088671467,-94.1451064222156
19013,"Black Hawk","Iowa",449,"2021-04-14",5.74711559936257,0.447401542574166,0.0129570103283122,5.90259972330232,5.83838336113212,5.83781467166076,53.4959194286786
19015,"Boone","Iowa",449,"2021-04-14",4.34194841110647,126.23885309368,0.0136076141300034,4.48726244216856,4.43771278522666,4.43720171001649,50.9381860727243
19017,"Bremer","Iowa",449,"2021-04-14",3.71357206670431,710.584860010431,-0.0139134812397301,3.54216167367444,3.61610526819834,3.6161776980262,-49.8183861117846
19019,"Buchanan","Iowa",449,"2021-04-14",4.04805127825126,788.494280815258,-0.0117755747063916,3.91531124318803,3.96623841289529,3.96562225530652,-58.8631296427268
19021,"Buena Vista","Iowa",449,"2021-04-14",3.81614123372486,677.863761924331,-0.0165470869324071,3.67119895571278,3.69936547870808,3.70031162519801,-41.8893780755108
19027,"Carroll","Iowa",449,"2021-04-14",4.14539973302238,874.342841999942,-0.00966134544123685,4.04175470943021,4.07711803943485,4.07777031493372,-71.7443739876471
19029,"Cass","Iowa",449,"2021-04-14",3.00991690854595,722.702502130043,-0.010786846650343,2.87687899173954,2.93063970800185,2.93440898199355,-64.2585551670846
19031,"Cedar","Iowa",449,"2021-04-14",4.16777203077692,-506.533644983912,0.00437881421676351,4.21475600876875,4.20058770418147,4.19842373029426,158.295635815366
19033,"Cerro Gordo","Iowa",449,"2021-04-14",4.8497956261182,280.326052450833,0.0295371517539129,5.18890804796867,5.05657877963634,5.05655568839559,23.4669607393042
19035,"Cherokee","Iowa",449,"2021-04-14",3.90052862600241,756.300968834497,-0.0124846776048244,3.74916078031511,3.81214558458956,3.81313588276864,-55.5198301870525
19041,"Clay","Iowa",449,"2021-04-14",5.01253824424234,717.996645121083,-0.01829415919318,4.79300833392418,4.88688185246805,4.88447912989008,-37.8889881322531
19043,"Clayton","Iowa",449,"2021-04-14",3.64507683145554,369.859040467089,0.0493380300589398,4.25002525074068,3.98218358014373,3.99044304186812,14.0489431728811
19045,"Clinton","Iowa",449,"2021-04-14",5.37660028494208,210.221402095079,0.022998684794614,5.65258450247745,5.53584761183298,5.53759107850438,30.138557345778
19047,"Crawford","Iowa",449,"2021-04-14",3.54715129428523,701.989930342124,-0.0137610505373341,3.38507986311326,3.44933298257838,3.45082394052389,-50.3702227296832
19049,"Dallas","Iowa",449,"2021-04-14",5.89597577992931,1167.51452709073,-0.00814907725990955,5.7981868528104,5.83861099047028,5.83893223910994,-85.0583640886525
19051,"Davis","Iowa",449,"2021-04-14",3.09104245335832,607.569109275376,-0.0190825056752631,2.89231838794193,2.95767561089089,2.95746491363148,-36.3236983840378
19055,"Delaware","Iowa",449,"2021-04-14",4.72231809936209,69.3244111325354,0.0126062804916977,4.87454093255564,4.81166661905666,4.81056206280397,54.9842739907653
19057,"Des Moines","Iowa",449,"2021-04-14",4.13858926401986,334.753642301989,0.0378830869168209,4.59318630702171,4.40215986031527,4.40377087243761,18.2970089549955
19059,"Dickinson","Iowa",449,"2021-04-14",5.4192699769657,1001.04325936046,-0.00972863397213997,5.30252636930002,5.35214292738258,5.35116953916072,-71.2481508241467
19061,"Dubuque","Iowa",449,"2021-04-14",6.14142277741804,218.144074283336,0.0271917717364761,6.46772403825575,6.33121635372404,6.33176517957337,25.4910635201505
19063,"Emmet","Iowa",449,"2021-04-14",4.47895887485007,-165.079539106294,0.00738228944015658,4.5849889230417,4.53314309461308,4.53063490093117,93.8932544136665
19067,"Floyd","Iowa",449,"2021-04-14",3.62243435470578,-105.585040937821,0.00657722031356201,3.69366853904879,3.67122802077588,3.66847489690071,105.386036580027
19071,"Fremont","Iowa",449,"2021-04-14",3.58747933967221,249.477725206372,0.0184954896498583,3.81973059591074,3.71950666460827,3.71694776722122,37.4765520503673
19077,"Guthrie","Iowa",449,"2021-04-14",3.99426110366512,660.691813859707,-0.0185512672548927,3.79729254380018,3.86668505252882,3.86440223288087,-37.3638722916427
19081,"Hancock","Iowa",449,"2021-04-14",3.45225255246244,99.5686302515561,0.00998982876634799,3.56068835074182,3.52308021089197,3.52218135382688,69.3852914571369
19083,"Hardin","Iowa",449,"2021-04-14",3.86523084392139,1038.83792047253,-0.0064903722547726,3.7828350680643,3.81629740473157,3.81979823813798,-106.796213429861
19085,"Harrison","Iowa",449,"2021-04-14",3.89182029811063,308.657946923591,0.0286238768672223,4.21750078462286,4.09122335586291,4.09218743618119,24.2156987949344
19087,"Henry","Iowa",449,"2021-04-14",3.65620867182439,-190.140306427976,0.00576945844520652,3.72787964770921,3.69866747750471,3.69659488094084,120.140770081434
19091,"Humboldt","Iowa",449,"2021-04-14",3.0513021247088,498.114855424347,-0.0581514281876018,2.44903899084013,2.65778262766411,2.64424212739559,-11.9196931556658
19093,"Ida","Iowa",449,"2021-04-14",3.16003532484527,-621.555850996418,0.00295217165133662,3.18112983604353,3.18365269805596,3.18070052640463,234.792302895436
19097,"Jackson","Iowa",449,"2021-04-14",3.88008995832514,1053.59170755402,-0.00636506355031297,3.80370919572138,3.83211496015239,3.83553451347295,-108.898705422331
19099,"Jasper","Iowa",449,"2021-04-14",4.83967749595261,855.729878131567,-0.0117544967052552,4.69862353548955,4.75799429027758,4.75739601901582,-58.9686821937732
19103,"Johnson","Iowa",449,"2021-04-14",6.28253373394872,227.500909029823,0.0290187534081339,6.63075877484633,6.48350324962409,6.48566500780566,23.8861804575539
19105,"Jones","Iowa",449,"2021-04-14",3.76782265645406,934.455705227256,-0.00768228938168477,3.67563518387384,3.71294331249862,3.71404663078227,-90.2266428823246
19109,"Kossuth","Iowa",449,"2021-04-14",4.42056029867612,883.841641556861,-0.0100503451265531,4.29995615715748,4.35041403783088,4.35020788279025,-68.9675003029143
19111,"Lee","Iowa",449,"2021-04-14",4.73368903678907,137.71765971865,0.0154553116984829,4.91915277717086,4.84341606231495,4.84187621867845,44.8484763091504
19113,"Linn","Iowa",449,"2021-04-14",6.08384837138551,190.830417364663,0.0240307240232277,6.37221705966424,6.25136898776762,6.2520634395481,28.8442071029554
19115,"Louisa","Iowa",449,"2021-04-14",3.11033565629299,618.843460869586,-0.0180005121807624,2.93126570094049,2.98525956873242,2.98433207102765,-38.5070809985468
19119,"Lyon","Iowa",449,"2021-04-14",3.94573406277046,95.5704567701221,0.0113243384191657,4.08162612380045,4.02521754469872,4.02500443170462,61.208624725206
19121,"Madison","Iowa",449,"2021-04-14",3.65989191724069,858.81203418479,-0.00892484045014683,3.59503313649834,3.59581923373159,3.59741803408966,-77.6649380380287
19123,"Mahaska","Iowa",449,"2021-04-14",3.91202300542815,343.601793998505,0.0389970416991558,4.38319752635058,4.18317734450114,4.18500229732224,17.774352883156
19125,"Marion","Iowa",449,"2021-04-14",4.15664844555826,629.182012491536,-0.0224664425960603,3.8907837423113,4.00122749429039,3.99938334738584,-30.8525560998916
19127,"Marshall","Iowa",449,"2021-04-14",4.02279741093005,647.392849466762,-0.019714770352121,3.77326607427527,3.88533310501758,3.8847940184652,-35.1587752826842
19129,"Mills","Iowa",449,"2021-04-14",3.91487607441055,772.131583043615,-0.0119357293435555,3.77326101215832,3.83072180567166,3.83132596900566,-58.0732991347697
19131,"Mitchell","Iowa",449,"2021-04-14",3.13549421592915,605.550967523727,-0.0195190023204977,2.91908568212832,2.9978042602049,2.99886119968567,-35.5114041782782
19133,"Monona","Iowa",449,"2021-04-14",3.16003532484527,-1159.36963333136,0.00196193298839743,3.16924697208826,3.17573078875245,3.17376885576405,353.298091555171
19137,"Montgomery","Iowa",449,"2021-04-14",3.14784005175145,368.333042416123,0.0416204601382861,3.64873911356456,3.43690953930051,3.43918327271945,16.6540008990032
19139,"Muscatine","Iowa",449,"2021-04-14",5.25376819663586,-80.2682053048392,0.0100147139980486,5.37057270237476,5.3233753013494,5.3238711946222,69.2128782404579
19141,"O'Brien","Iowa",449,"2021-04-14",4.14765962098982,578.453382353717,-0.0309726822902103,3.79270970700332,3.93535860268355,3.93085084495835,-22.3793074834539
19143,"Osceola","Iowa",449,"2021-04-14",3.8286413964891,317.089947832447,0.0301681492608194,4.19065918761893,4.03843823284072,4.03981844131484,22.9761254019041
19145,"Page","Iowa",449,"2021-04-14",4.13630876132113,763.554441254817,-0.0129149376410818,3.97204643004372,4.03298926019248,4.04590419783356,-53.670191821529
19147,"Palo Alto","Iowa",449,"2021-04-14",4.06044301054642,-160.071241572322,0.00675378797564412,4.16081454347129,4.10953503271099,4.10771952637593,102.630876636876
19149,"Plymouth","Iowa",449,"2021-04-14",5.11542421785513,-573.722372812807,0.00503470097647269,5.18434423589642,5.15312561127513,5.15066712469044,137.673951998151
19153,"Polk","Iowa",449,"2021-04-14",7.64389352849003,2021.19719663255,-0.00484650463798084,7.58573547283426,7.60764993773954,7.60996799602416,-143.020017999761
19155,"Pottawattamie","Iowa",449,"2021-04-14",6.24997524225948,-118.678918766478,0.0111141262830839,6.38705407539673,6.32946729063145,6.32777412624107,62.3663221835928
19161,"Sac","Iowa",449,"2021-04-14",3.74444930526875,883.047882628132,-0.00852627162984034,3.64112624623563,3.68297316441137,3.68476540385987,-81.295460742074
19163,"Scott","Iowa",449,"2021-04-14",7.10273448392057,107.252449055584,0.02109216374106,7.35584044881329,7.25080597525537,7.25037963010799,32.8627820772413
19165,"Shelby","Iowa",449,"2021-04-14",4.04555439805267,304.070480840644,0.0287280895054096,4.36464482492381,4.24491990661124,4.24665102459054,24.127855088638
19167,"Sioux","Iowa",449,"2021-04-14",4.94977254869255,773.900071029128,-0.0150989824916638,4.79996760656748,4.84504529126305,4.8440796712509,-45.9068802114735
19169,"Story","Iowa",449,"2021-04-14",5.99003495429839,1970.81091568953,-0.00392323299024438,5.94295615841546,5.95972147653818,5.96257232336668,-176.677546881244
19175,"Union","Iowa",449,"2021-04-14",3.35739475900376,752.025004573321,-0.0109477855869051,3.24081827843131,3.27971354529123,3.28076025989542,-63.3139163219488
19179,"Wapello","Iowa",449,"2021-04-14",4.27666611901606,521.592304207049,-0.055865082915221,3.66431951312721,3.90243518906256,3.88561053860951,-12.4075208410921
19181,"Warren","Iowa",449,"2021-04-14",5.33478704632943,166.036851660332,0.0191924256081974,5.5650961536278,5.46674538390737,5.46913402558681,36.1156632679035
19183,"Washington","Iowa",449,"2021-04-14",4.10146202999096,294.974788168603,0.0273485752706821,4.40381012624848,4.29147166760638,4.29290205688573,25.3449100620245
19187,"Webster","Iowa",449,"2021-04-14",3.98898404656427,791.291133607601,-0.0114859944886222,3.8511521127008,3.90762250364228,3.90858208514391,-60.347162907536
19189,"Winnebago","Iowa",449,"2021-04-14",3.16607763930123,177.088283438694,0.0118140700250977,3.29508255027546,3.24846883896966,3.24877612947691,58.6713282626082
19191,"Winneshiek","Iowa",449,"2021-04-14",4.02279741093005,178.817733001819,0.015169933708115,4.20483661542743,4.12869265489739,4.12898694688685,45.6921693856286
19193,"Woodbury","Iowa",449,"2021-04-14",6.28706164153812,1085.73742596328,-0.00979693779290014,6.16949838802332,6.2174175083313,6.21848307698782,-70.7514118403682
19195,"Worth","Iowa",449,"2021-04-14",3.23587340123677,331.294973311979,0.0287109944988877,3.58040533522342,3.43706940143356,3.43685036272898,24.1422212172692
19197,"Wright","Iowa",449,"2021-04-14",3.32194801000801,381.794820988734,0.0525055695776799,3.89618518960021,3.67814109464292,3.68948699705177,13.2014029394436
20001,"Allen","Kansas",449,"2021-04-14",3.63381967693091,579.9517049287,-0.0268110957217438,3.32328102571672,3.44540315146674,3.4461420068787,-25.8529971230457
20005,"Atchison","Kansas",449,"2021-04-14",3.47903986842609,864.380746195561,-0.00827592581228171,3.37972875867871,3.41722807340088,3.42110838774012,-83.7546392128474
20011,"Bourbon","Kansas",449,"2021-04-14",4.07995582477,230.06006280777,0.0190705666193781,4.30880262420254,4.21546756934231,4.21344979110565,36.3464386976116
20015,"Butler","Kansas",449,"2021-04-14",4.69134788222914,716.659535502528,-0.0172058823234724,4.48487729434747,4.57188314272455,4.57090670596483,-40.2854772297465
20021,"Cherokee","Kansas",449,"2021-04-14",3.63758615972639,732.43876190127,-0.0124184881343976,3.4329514845585,3.54572892638036,3.55065674278561,-55.8157460923134
20035,"Cowley","Kansas",449,"2021-04-14",3.04452243772342,-384.021674902855,0.0037101589444692,3.11661393068883,3.07420370927917,3.0704935503347,186.824120188498
20037,"Crawford","Kansas",449,"2021-04-14",4.17438726989564,596.054373182891,-0.0273875584717399,3.83574733476932,3.98131864083966,3.98267436059346,-25.3088343480918
20045,"Douglas","Kansas",449,"2021-04-14",5.295456134267,91.7934144881147,0.0150350855211034,5.47587716052024,5.40057954521419,5.40070173291472,46.1019779094065
20055,"Finney","Kansas",449,"2021-04-14",3.10394585819422,560.991961395045,-0.0269016076795421,2.82445255495513,2.91405080474218,2.91563460443743,-25.7660132738857
20057,"Ford","Kansas",449,"2021-04-14",4.33635659784069,585.625338188112,-0.0310309146650423,4.02239280774254,4.12120053514668,4.11914019518539,-22.3373106478491
20059,"Franklin","Kansas",449,"2021-04-14",3.16607763930123,363.491895996287,0.0390874455191021,3.61590547532058,3.43569361731774,3.43968975793495,17.733243279385
20061,"Geary","Kansas",449,"2021-04-14",4.5776521570942,321.106927830631,0.0370418441024994,4.99668814980497,4.83353195522188,4.8369450658117,18.7125451595207
20079,"Harvey","Kansas",449,"2021-04-14",4.23203396499529,710.799975516409,-0.0159643414809207,4.0677138184742,4.11873760857219,4.12028357462884,-43.4184636671884
20085,"Jackson","Kansas",449,"2021-04-14",3.57954279007647,555.742665333122,-0.0323683537915173,3.22850587961139,3.35582465162807,3.35296431353585,-21.4143476379573
20087,"Jefferson","Kansas",449,"2021-04-14",3.78093759853188,572.509599542287,-0.0294214409818291,3.42788030674993,3.57762009696734,3.57498751165908,-23.5592533006129
20091,"Johnson","Kansas",449,"2021-04-14",7.0755673180835,-1005.04467847174,0.0048829186726981,7.13416234215588,7.11414740057154,7.10974774879239,141.953455918802
20099,"Labette","Kansas",449,"2021-04-14",3.14168618617707,471.187118407968,-0.120725073708395,1.8334659892201,2.38159408600202,2.29661067021831,-5.74153454015862
20103,"Leavenworth","Kansas",449,"2021-04-14",4.83628190695148,652.155530554324,-0.0232798397586618,4.56646931907995,4.67468049326756,4.67332302864085,-29.774568370989
20107,"Linn","Kansas",449,"2021-04-14",3.4106761256167,640.988565011097,-0.0170889875828975,3.16126729045266,3.28801597840917,3.29105321253642,-40.56104419279
20111,"Lyon","Kansas",449,"2021-04-14",4.03044076024262,517.670321061908,-0.055222541809665,3.40559188325669,3.64779094899212,3.64388296757497,-12.5518883746606
20113,"McPherson","Kansas",449,"2021-04-14",3.93741223943297,528.406847916544,-0.0474430965225111,3.43520507459538,3.60943927438418,3.60531056377539,-14.6100746234187
20121,"Miami","Kansas",449,"2021-04-14",3.29583686600433,377.206791356338,0.048695240624284,3.83685425446254,3.62543532623104,3.63670355037432,14.2343927594081
20125,"Montgomery","Kansas",449,"2021-04-14",3.34235688163922,548.078077959398,-0.0324005955105137,2.98338455934801,3.10809106590236,3.11555271306562,-21.3930382957013
20133,"Neosho","Kansas",449,"2021-04-14",3.5715427474094,589.442835669332,-0.0246887237841876,3.29453331081888,3.39391432768972,3.39872168092009,-28.0754560915735
20149,"Pottawatomie","Kansas",449,"2021-04-14",4.07753744390572,723.950532560521,-0.0146079369792385,3.91420449319748,3.97509727503291,3.97528188505105,-47.4500390811571
20155,"Reno","Kansas",449,"2021-04-14",3.95124371858143,374.681830752702,0.0570015590643351,4.63526242735345,4.33610243083982,4.35025463203178,12.1601442475919
20161,"Riley","Kansas",449,"2021-04-14",4.31748811353631,198.384534074143,0.0175975379613038,4.53339794104923,4.44097692011668,4.44067087926544,39.388872584571
20169,"Saline","Kansas",449,"2021-04-14",4.64713438508712,661.639971547422,-0.0214236599038513,4.40556081306963,4.49742617191764,4.49716876576016,-32.354284173235
20173,"Sedgwick","Kansas",449,"2021-04-14",6.54020508679006,235.52562468649,0.0313717456975453,6.9166660351606,6.75140526696933,6.75980730667288,22.0946321330846
20175,"Seward","Kansas",449,"2021-04-14",3.17805383034795,592.433496954622,-0.0216053901685868,2.94769893376932,3.02291028609866,3.02681609916784,-32.0821413152606
20177,"Shawnee","Kansas",449,"2021-04-14",6.01511131682806,1479.59054148566,-0.00580838765502702,5.94541066496774,5.97386252626393,5.97445260324287,-119.335557770502
20191,"Sumner","Kansas",449,"2021-04-14",3.04452243772342,541.357828048518,-0.0313405209857015,2.67515880124847,2.82724620390535,2.82513879082351,-22.1166451213807
20209,"Wyandotte","Kansas",449,"2021-04-14",5.82304589548302,-28.4439492531091,0.012325368765308,5.97095032066671,5.91017156765133,5.90932347684018,56.2374395248064
21001,"Adair","Kentucky",449,"2021-04-14",4.04305126783455,605.342412515187,-0.0252607306378084,3.7724984553466,3.87059722033845,3.86622615336989,-27.4397122750873
21003,"Allen","Kentucky",449,"2021-04-14",4.78032325330343,-2.26499783656364,0.0107118489607696,4.90886544083266,4.85637941615183,4.85530619602882,64.7084535170805
21005,"Anderson","Kentucky",449,"2021-04-14",3.20738144544246,749.663470351622,-0.0105369717385422,3.09432368773727,3.12884937625088,3.13362264327266,-65.782389642799
21009,"Barren","Kentucky",449,"2021-04-14",4.75727796418555,-92.9583692638712,0.0088596774656989,4.86359409377394,4.82076618772877,4.81929570644544,78.2361641542293
21011,"Bath","Kentucky",449,"2021-04-14",3.88890058800729,379.713349667392,0.0584832774138836,4.46149333437784,4.28400745303593,4.29828352990448,11.8520577370275
21013,"Bell","Kentucky",449,"2021-04-14",4.69918082045033,887.122679257207,-0.0106198754706258,4.57846916627411,4.62199387653303,4.62484169215595,-65.2688614360087
21015,"Boone","Kentucky",449,"2021-04-14",5.85014782526081,1136.61935893796,-0.0084464110766861,5.74879089234058,5.78790988262268,5.79102294772401,-82.0641067865119
21017,"Bourbon","Kentucky",449,"2021-04-14",3.48343547989913,519.640299941749,-0.0468872982235046,2.98392172240209,3.15963038849864,3.1552243923346,-14.7832612844489
21019,"Boyd","Kentucky",449,"2021-04-14",4.6388812433304,754.361668837961,-0.0149466951273301,4.45952090180244,4.53302531854056,4.53425437743909,-46.374611554933
21021,"Boyle","Kentucky",449,"2021-04-14",4.53413441287134,1082.54773758452,-0.00710349971645509,4.4506816762772,4.47883898248948,4.48440991485615,-97.5782653942093
21023,"Bracken","Kentucky",449,"2021-04-14",3.31158522297247,396.606548740588,0.0679580672648349,4.0362641557778,3.7568096882779,3.78729169382631,10.1996305730522
21025,"Breathitt","Kentucky",449,"2021-04-14",3.43858491373377,513.265085354916,-0.0505276074135497,2.89346775131659,3.09228670215808,3.08489166183892,-13.7181872651676
21027,"Breckinridge","Kentucky",449,"2021-04-14",3.67086094861126,387.476394066119,0.0647157736948409,4.43455817437149,4.10520552923094,4.12387136447515,10.7106373143029
21029,"Bullitt","Kentucky",449,"2021-04-14",5.36263264848388,887.728881861588,-0.012085381113769,5.21760807511865,5.27859535877402,5.2780349806875,-57.3541846992507
21031,"Butler","Kentucky",449,"2021-04-14",3.19575340744735,528.264744084384,-0.0385987212364166,2.78932671213413,2.92708363134544,2.92556235879243,-17.9577757593167
21033,"Caldwell","Kentucky",449,"2021-04-14",4.96084462959324,3605.04060839728,-0.00157374309966727,4.95578092803724,4.95523725680703,4.94982842789557,-440.444937109808
21035,"Calloway","Kentucky",449,"2021-04-14",3.36729582998647,-327.154960900023,0.00437291060351665,3.42466663271638,3.4022791148146,3.39790620421109,158.509341581903
21037,"Campbell","Kentucky",449,"2021-04-14",5.15329159449778,785.712437342789,-0.0150807844003882,4.97232218169312,5.04821302410804,5.04772610369506,-45.962276374835
21041,"Carroll","Kentucky",449,"2021-04-14",3.47019025314911,555.397248064355,-0.0311514899465411,3.09637237379062,3.25591638493806,3.25212982352332,-22.250851620563
21043,"Carter","Kentucky",449,"2021-04-14",4.56731996185699,-221.732292905285,0.00690389581000021,4.67899313729063,4.61957935794784,4.61564723252699,100.399426589829
21045,"Casey","Kentucky",449,"2021-04-14",4.07024701064304,315.588482924653,0.0314627381517403,4.41773079523026,4.29224376144305,4.29048617770522,22.0307329011543
21047,"Christian","Kentucky",449,"2021-04-14",5.67675380226828,170.716486821287,0.0207753631227193,5.92686857921284,5.82069509042684,5.82218134412731,33.3639020634947
21049,"Clark","Kentucky",449,"2021-04-14",4.83401175841694,639.908428087171,-0.0246748534793307,4.53791351666497,4.66241357652703,4.66128778406163,-28.0912379536751
21051,"Clay","Kentucky",449,"2021-04-14",4.07753744390572,559.495791128975,-0.0354286350341372,3.66671461147776,3.8321176895996,3.82953699866676,-19.5646030362746
21053,"Clinton","Kentucky",449,"2021-04-14",3.26902560855367,606.55833711645,-0.019973135705383,3.00712209880366,3.13074672813158,3.12921365861599,-34.7039739169816
21055,"Crittenden","Kentucky",449,"2021-04-14",3.62243435470578,174.46863696486,0.0134193144886001,3.77795789897279,3.72212599786901,3.71636955612598,51.6529500183325
21057,"Cumberland","Kentucky",449,"2021-04-14",3.18988828799495,299.304670910684,0.0220105116676181,3.44894436918165,3.34816775670239,3.34396186966828,31.4916432215296
21059,"Daviess","Kentucky",449,"2021-04-14",5.73611136177156,824.193007609412,-0.0150873668030857,5.55506296013453,5.63005799804646,5.63049979414996,-45.9422236899669
21061,"Edmonson","Kentucky",449,"2021-04-14",3.35240721749272,502.432973318425,-0.0586556004092833,2.72355392878042,2.95082106269227,2.94181801462774,-11.8172378378765
21065,"Estill","Kentucky",449,"2021-04-14",3.47462485021697,488.156450258186,-0.0808920060653384,2.60119976932491,2.9363828899334,2.9083808077596,-8.56879702056188
21067,"Fayette","Kentucky",449,"2021-04-14",6.74490015852473,-1797.49771625367,0.00300910418494551,6.78100940874408,6.76830027082184,6.76596388781935,230.350010487423
21069,"Fleming","Kentucky",449,"2021-04-14",3.41538201665411,373.235946798074,0.0479710378716483,3.97027753056069,3.74612585131908,3.75117928175565,14.4492846374209
21071,"Floyd","Kentucky",449,"2021-04-14",5.00010384204391,175.422207531135,0.0186907402476168,5.2442066382853,5.13019280614834,5.13093902377723,37.085057701143
21073,"Franklin","Kentucky",449,"2021-04-14",4.49980967033027,310.363191944211,0.0336719331731701,4.90387286840831,4.73199410738954,4.73551320254246,20.5853099373649
21079,"Garrard","Kentucky",449,"2021-04-14",3.5715427474094,745.891151966647,-0.0118347770977875,3.4307971661461,3.48486457329417,3.48869930772489,-58.5686722134826
21081,"Grant","Kentucky",449,"2021-04-14",4.13858926401986,208.687387436241,0.0175510718449492,4.34060143126863,4.26060651580802,4.2614467669345,39.4931538474339
21083,"Graves","Kentucky",449,"2021-04-14",3.84710345932883,369.102737632421,0.0506797746981724,4.40393367867686,4.18311315048245,4.20186188221604,13.6769980665471
21085,"Grayson","Kentucky",449,"2021-04-14",4.33448568990488,94.245104878734,0.0123767700542891,4.47735715292938,4.42220029508526,4.4211230802849,56.0038828805532
21087,"Green","Kentucky",449,"2021-04-14",3.35240721749272,892.803467829113,-0.00746213452462649,3.2594862377642,3.29769768280675,3.30017227582033,-92.8885935079869
21089,"Greenup","Kentucky",449,"2021-04-14",4.378448813326,321.143083571511,0.0356808344424139,4.81180730849935,4.62553462099286,4.6282146544229,19.4263164354699
21091,"Hancock","Kentucky",449,"2021-04-14",3.20738144544246,515.0523619065,-0.0459677661238908,2.71450516118136,2.89035440903035,2.88560708257522,-15.0789833617713
21093,"Hardin","Kentucky",449,"2021-04-14",5.40524807737538,600.514533760162,-0.0345351191836167,4.99082664717198,5.16737285115339,5.16350224309006,-20.070791615764
21095,"Harlan","Kentucky",449,"2021-04-14",5.15905529921453,273.361118159624,0.0301557494362395,5.50761235809332,5.36775774697198,5.37014554526821,22.9855730173616
21097,"Harrison","Kentucky",449,"2021-04-14",4.18314006100523,1021.16062047172,-0.00727014951150629,4.10880220884509,4.12932669784929,4.13224901442469,-95.3415303857118
21099,"Hart","Kentucky",449,"2021-04-14",3.85620822632175,728.298616253896,-0.0135798041720812,3.69776188505659,3.7595819493931,3.76114959711718,-51.0425019224498
21101,"Henderson","Kentucky",449,"2021-04-14",4.79814903725603,628.44661455681,-0.0261017148612592,4.50115236195134,4.6160655559636,4.61543703322722,-26.5556184428607
21103,"Henry","Kentucky",449,"2021-04-14",3.60704943586631,608.581204836808,-0.022138410454151,3.37790534026615,3.45293167045779,3.45208056268725,-31.3097086168614
21107,"Hopkins","Kentucky",449,"2021-04-14",5.03787981620282,571.509588601164,-0.0396971386583509,4.58540015506947,4.76293955037751,4.75999984559436,-17.4608851918886
21109,"Jackson","Kentucky",449,"2021-04-14",3.30636327899132,483.201720531761,-0.0858721274419594,2.33586961214391,2.73775085953667,2.7052583868976,-8.07185289578903
21111,"Jefferson","Kentucky",449,"2021-04-14",7.67852465772709,1520.10063631626,-0.00713550796142308,7.59289856219001,7.62473983820293,7.62857610199713,-97.1405517739352
21113,"Jessamine","Kentucky",449,"2021-04-14",4.67282883446191,236.282151410441,0.0224863783951205,4.94065868354663,4.82702541224808,4.83023348322775,30.8252030798502
21115,"Johnson","Kentucky",449,"2021-04-14",3.61477148196021,651.070191426984,-0.0175958028560607,3.43241663144323,3.48927253124251,3.49160086196779,-39.3927566835178
21117,"Kenton","Kentucky",449,"2021-04-14",5.92768764063023,1033.92938237169,-0.0100481308742399,5.80711007013935,5.85564229322284,5.85735072451055,-68.9826982983418
21119,"Knott","Kentucky",449,"2021-04-14",3.30111392310517,555.939174626256,-0.029458735642266,2.94408172562114,3.09653462503707,3.09490277360931,-23.5294273650173
21121,"Knox","Kentucky",449,"2021-04-14",5.12989871492307,557.077559748847,-0.0453661957891285,4.58550436545353,4.82445623952772,4.81233534439917,-15.2789355268367
21123,"Larue","Kentucky",449,"2021-04-14",3.00991690854595,545.831511985487,-0.0294881666048319,2.64896659179199,2.80179113981437,2.80349974231213,-23.5059435823442
21125,"Laurel","Kentucky",449,"2021-04-14",5.70711026474888,1269.30693217466,-0.00689585585359804,5.60844736900853,5.65573309559628,5.65883927377369,-100.516483417832
21127,"Lawrence","Kentucky",449,"2021-04-14",4.0943445622221,252.59909481794,0.0213538707646569,4.34339664267193,4.24594416641146,4.2438216575747,32.4600250792556
21129,"Lee","Kentucky",449,"2021-04-14",3.85620822632175,794.020854342207,-0.011067952706694,3.74119882973586,3.77368871927158,3.77873255737489,-62.6265036478446
21131,"Leslie","Kentucky",449,"2021-04-14",3.43858491373377,586.298804522061,-0.0242846155041817,3.16425636847279,3.26698469837136,3.2685926052045,-28.542645875558
21133,"Letcher","Kentucky",449,"2021-04-14",4.62637239363869,240.679968332747,0.022709015862544,4.88970601465512,4.78398108060741,4.7853355046765,30.5229951291379
21135,"Lewis","Kentucky",449,"2021-04-14",3.65251180994306,393.498331823627,0.0711171083273226,4.4449379063375,4.0910868586984,4.15033156823432,9.74656024215265
21137,"Lincoln","Kentucky",449,"2021-04-14",4.24645234041956,254.958020546374,0.0223110719418952,4.48546206693086,4.4021891589713,4.40262984401283,31.0674082520603
21139,"Livingston","Kentucky",449,"2021-04-14",3.31678003984957,391.983783138773,0.0627211279022333,4.01516932557013,3.74324468000331,3.7558279351652,11.0512550354705
21141,"Logan","Kentucky",449,"2021-04-14",4.78868151091763,-83.84405268572,0.00907215206186822,4.89754733566005,4.85290046979838,4.85218657535071,76.4038318397858
21145,"McCracken","Kentucky",449,"2021-04-14",5.33340868635931,763.201386771245,-0.0167086012385701,5.13290547149647,5.21547745749876,5.21644847768932,-41.4844528672985
21147,"McCreary","Kentucky",449,"2021-04-14",4.60802325497049,-62.8267757907272,0.00911001163484517,4.72651796392273,4.67518904678582,4.67179333641441,76.0863112302409
21151,"Madison","Kentucky",449,"2021-04-14",5.32509838922568,723.625433046138,-0.019168542141381,5.12998939145025,5.19171629195662,5.19091859423601,-36.1606623731483
21153,"Magoffin","Kentucky",449,"2021-04-14",3.44316158076119,177.551468732926,0.0130304719965634,3.62831578915982,3.53823098045766,3.53437488473713,53.1943264022019
21155,"Marion","Kentucky",449,"2021-04-14",3.58351893845611,304.997681130838,0.0255406708207722,3.85670051941054,3.76374675344323,3.76230363420152,27.1389575248043
21157,"Marshall","Kentucky",449,"2021-04-14",4.49344022204478,314.778748246677,0.0347334684851671,4.90510389720989,4.73387479555321,4.73657450144095,19.9561751472057
21159,"Martin","Kentucky",449,"2021-04-14",3.38680864421006,387.796889681934,0.0588184418468262,4.01160067801586,3.76638440077894,3.79853773713784,11.7845212963143
21161,"Mason","Kentucky",449,"2021-04-14",4.05797691805123,343.252540741836,0.0401387271051028,4.52553949895716,4.33877901140395,4.33894800778695,17.2687882888002
21163,"Meade","Kentucky",449,"2021-04-14",4.20041910861358,120.363691493078,0.0130413216813515,4.37714106718011,4.29398531547724,4.29170836038304,53.1500715568662
21165,"Menifee","Kentucky",449,"2021-04-14",3.16003532484527,334.958320740683,0.0289872514116851,3.50866558798236,3.36739222722263,3.36294608472707,23.9121388473738
21167,"Mercer","Kentucky",449,"2021-04-14",4.14991441337691,545.513914462402,-0.0408802520851849,3.65935138835469,3.86693238648946,3.86375264878062,-16.9555505459112
21169,"Metcalfe","Kentucky",449,"2021-04-14",3.13549421592915,378.045269653574,0.0474461348200953,3.69865064588072,3.46409685089788,3.46761715966982,14.6091390413191
21171,"Monroe","Kentucky",449,"2021-04-14",3.53472877428668,932.785098776091,-0.00723732178159563,3.45064718051243,3.48098821018257,3.48406752181551,-95.7739895333389
21173,"Montgomery","Kentucky",449,"2021-04-14",4.61086820710273,657.128122626317,-0.0216342552558729,4.35125714403225,4.46165494618266,4.45942842031162,-32.0393363377638
21175,"Morgan","Kentucky",449,"2021-04-14",4.27864828022005,167.661855441463,0.0154139321332768,4.44442459166025,4.38800138503555,4.38654580515299,44.9688745588496
21177,"Muhlenberg","Kentucky",449,"2021-04-14",3.85620822632175,523.919169848105,-0.0487865041514251,3.3135388617559,3.52173097221675,3.51470269726177,-14.2077648853161
21179,"Nelson","Kentucky",449,"2021-04-14",4.29825675160842,276.398920088377,0.0256745822242513,4.61118269375531,4.47609260982356,4.47797882717818,26.9974083514092
21181,"Nicholas","Kentucky",449,"2021-04-14",3.49216915986788,338.93334390969,0.032890280162268,3.85035511647018,3.72438386370295,3.72240112100376,21.0745295309199
21183,"Ohio","Kentucky",449,"2021-04-14",3.46573590279973,346.479726728488,0.0352309720897377,3.85850569088909,3.71121603534675,3.71235270742789,19.6743700058691
21185,"Oldham","Kentucky",449,"2021-04-14",5.09023834469522,566.607481313719,-0.0415165395304931,4.5920398703293,4.80785899906636,4.79962256798177,-16.6956877523678
21189,"Owsley","Kentucky",449,"2021-04-14",3.43398720448515,560.960835971739,-0.0293404001693882,3.07959292952434,3.23101270144462,3.22860440329943,-23.6243260677517
21193,"Perry","Kentucky",449,"2021-04-14",4.79697048673659,756.159813371479,-0.0153670340679889,4.61256607792072,4.68924808282851,4.68940124826067,-45.1061133523378
21195,"Pike","Kentucky",449,"2021-04-14",4.7361984483945,1178.7081152677,-0.00647100136250887,4.67664519859349,4.68693356771254,4.69090143885694,-107.115907064375
21197,"Powell","Kentucky",449,"2021-04-14",4.59943951127911,97.0059993622083,0.0132550980790017,4.75850068822713,4.69391947351004,4.69222519783212,52.2928745173154
21199,"Pulaski","Kentucky",449,"2021-04-14",5.09637602288443,819.822795358687,-0.0136048030699079,4.94973748319834,4.99970108451836,5.00114240139507,-50.9487110543407
21203,"Rockcastle","Kentucky",449,"2021-04-14",3.79388276312392,363.647359273236,0.0467892366634809,4.32110956346197,4.11198351159122,4.12140741976829,14.8142442576104
21205,"Rowan","Kentucky",449,"2021-04-14",4.30599373411057,653.201322498698,-0.0206689471221456,4.07594370714277,4.16350029520946,4.16131110425555,-33.5356792227349
21207,"Russell","Kentucky",449,"2021-04-14",3.46573590279973,527.033956424594,-0.0422920840372577,3.00417405460784,3.17533869279079,3.16969131453893,-16.3895252820672
21209,"Scott","Kentucky",449,"2021-04-14",5.85343324916061,858.766439881679,-0.0141126009395322,5.68408203788622,5.75518471843122,5.75464504258388,-49.1154808054058
21211,"Shelby","Kentucky",449,"2021-04-14",4.25459902498738,786.606852703093,-0.0124622629182372,4.12010952095685,4.15490092164148,4.16736318455972,-55.6196884231676
21213,"Simpson","Kentucky",449,"2021-04-14",5.11713801433286,591.789023579524,-0.0346246148082803,4.7016426366335,4.88123702546598,4.8747657106749,-20.0189138391276
21217,"Taylor","Kentucky",449,"2021-04-14",4.05302641289137,545.538305905214,-0.0402727444479389,3.60595331202205,3.77216260663859,3.7711172017558,-17.2113221997072
21219,"Todd","Kentucky",449,"2021-04-14",3.4106761256167,399.228556196805,0.0742169834926153,4.21340530759368,3.87893433574019,3.93019501006501,9.33946851435851
21221,"Trigg","Kentucky",449,"2021-04-14",4.14991441337691,311.263145450477,0.0311141060494875,4.50335784172309,4.36911078944433,4.36771315572332,22.2775862323502
21223,"Trimble","Kentucky",449,"2021-04-14",3.14168618617707,520.475351137795,-0.0419205076293629,2.7028394492778,2.85452422696005,2.84824263277153,-16.534799308452
21225,"Union","Kentucky",449,"2021-04-14",3.47462485021697,17.6963112865558,0.00808203247957094,3.54238464809781,3.53484651298568,3.53119907757397,85.7639686937688
21227,"Warren","Kentucky",449,"2021-04-14",6.15334041274165,1137.01895459022,-0.00887903623989634,6.04679197786289,6.09047637274549,6.09118715906238,-78.0655875066051
21229,"Washington","Kentucky",449,"2021-04-14",2.99573227355399,566.742139514381,-0.0244929831224869,2.71240535407381,2.82099061622469,2.82428139169658,-28.2998268154429
21231,"Wayne","Kentucky",449,"2021-04-14",3.69244452027843,563.131348862031,-0.0311347389581464,3.33550658105345,3.47833520645101,3.47450134757141,-22.262822935234
21233,"Webster","Kentucky",449,"2021-04-14",3.31158522297247,-51.5252021755752,0.00671583220601052,3.40845409813273,3.36531188062055,3.35859604841454,103.210914045707
21235,"Whitley","Kentucky",449,"2021-04-14",5.48182869147758,767.454471910494,-0.0169477597854777,5.27845557405185,5.36334104655306,5.36319437297924,-40.8990444361794
21239,"Woodford","Kentucky",449,"2021-04-14",3.74444930526875,566.782686050793,-0.0309145898691983,3.42480130386841,3.53035823394348,3.52804717618436,-22.4213610302675
22001,"Acadia","Louisiana",449,"2021-04-14",4.78032325330343,939.195232478885,-0.00970895128631826,4.69131897391872,4.7098201324915,4.7123605942992,-71.3925902107183
22003,"Allen","Louisiana",449,"2021-04-14",4.33073334028633,803.508287562759,-0.0121200879065026,4.21183099349882,4.24684471860166,4.24589272494081,-57.189946632983
22005,"Ascension","Louisiana",449,"2021-04-14",5.85997189117331,874.593625711677,-0.0136090539693616,5.69666324354097,5.76485372155739,5.76470851338778,-50.932796807217
22007,"Assumption","Louisiana",449,"2021-04-14",3.2188758248682,506.984204788977,-0.052756107929203,2.68972821053186,2.86314960436565,2.84958306936378,-13.1387095782374
22009,"Avoyelles","Louisiana",449,"2021-04-14",4.00212484012533,346.155810376695,0.0407385035616238,4.4748879101927,4.28263121283904,4.2872943650567,17.0145469263849
22011,"Beauregard","Louisiana",449,"2021-04-14",5.05533547301416,-475.112394283523,0.005500236428598,5.12133831015734,5.09660138462407,5.09383712801435,126.021342820099
22013,"Bienville","Louisiana",449,"2021-04-14",3.10394585819422,827.898966952846,-0.00813054664048751,3.02374189635924,3.04529128316909,3.04703203171081,-85.252223646107
22015,"Bossier","Louisiana",449,"2021-04-14",5.54350193445341,277.551128659531,0.0333045330365399,5.94315633089189,5.77466719338369,5.77663366570919,20.8123975135596
22017,"Caddo","Louisiana",449,"2021-04-14",5.77099598624308,233.263994853353,0.0273849548501556,6.09961544444495,5.95795343326871,5.96269067019417,25.3112405827468
22019,"Calcasieu","Louisiana",449,"2021-04-14",6.88769833363558,819.582767287313,-0.0183386963767873,6.66763397711413,6.76318627246695,6.75932745899807,-37.796971296025
22023,"Cameron","Louisiana",449,"2021-04-14",3.08452777233712,319.898230746076,0.0247913180727545,3.37414225183868,3.26305568962298,3.2580669988464,27.9592710047034
22025,"Catahoula","Louisiana",449,"2021-04-14",3.47019025314911,386.518517500239,0.0600299332287619,4.17096875509605,3.88143684749225,3.89039978575044,11.5466925128586
22029,"Concordia","Louisiana",449,"2021-04-14",3.54302757710137,720.181827949454,-0.0128286049933372,3.38908431718132,3.45271922154271,3.45322734214801,-54.0313760475083
22031,"De Soto","Louisiana",449,"2021-04-14",3.95672318434605,-90.253814078698,0.0074060738174968,4.04559607015601,4.01323579506715,4.00856570106853,93.591719126859
22033,"East Baton Rouge","Louisiana",449,"2021-04-14",7.02794810716748,-1137.63109779712,0.00444348123715824,7.08126988201338,7.06121314060098,7.05905247582759,155.991922451154
22037,"East Feliciana","Louisiana",449,"2021-04-14",3.62243435470578,510.585643801108,-0.0546839067419608,2.9849562550697,3.25140820017825,3.23964700751205,-12.675524150656
22039,"Evangeline","Louisiana",449,"2021-04-14",4.252568567437,580.914417419931,-0.0314603714577,3.92985397245321,4.03681760500146,4.0323459672331,-22.0323902243785
22043,"Grant","Louisiana",449,"2021-04-14",4.1061790198691,844.477301446913,-0.0102174535662911,3.96924878909192,4.03380714134237,4.03465684490506,-67.8395234255568
22045,"Iberia","Louisiana",449,"2021-04-14",4.93857650298747,295.945777852165,0.0333565394579304,5.33885497648263,5.1678853061935,5.17207227919298,20.7799487544009
22047,"Iberville","Louisiana",449,"2021-04-14",4.83628190695148,578.292828946005,-0.0362219595541587,4.42968590384584,4.58977421076673,4.58272819007237,-19.136103874324
22049,"Jackson","Louisiana",449,"2021-04-14",3.93741223943297,950.295097860551,-0.00780987755247145,3.86038418907779,3.88325504235069,3.88274309656567,-88.7526309987533
22051,"Jefferson","Louisiana",449,"2021-04-14",6.40876411286315,-1280.7066379167,0.00371585750989189,6.45335440298185,6.43849097294228,6.43477511543239,186.537610420942
22053,"Jefferson Davis","Louisiana",449,"2021-04-14",4.84306159393686,603.35810776544,-0.0305246434380082,4.49805369723964,4.63535273969593,4.6293890898708,-22.7077895919617
22055,"Lafayette","Louisiana",449,"2021-04-14",6.23999733242701,56.6935399602339,0.0161112658223835,6.43333252229561,6.35146639465044,6.35277619318369,43.0225153132879
22057,"Lafourche","Louisiana",449,"2021-04-14",4.60802325497049,794.797214691983,-0.0131358604401023,4.45039292968926,4.51567539722711,4.51607223188977,-52.7675506085498
22059,"LaSalle","Louisiana",449,"2021-04-14",3.2470467018349,344.127006827079,0.0322486314495784,3.60775092599472,3.47113420175585,3.47278712198195,21.4938479371969
22061,"Lincoln","Louisiana",449,"2021-04-14",4.59367580656236,266.592231325024,0.025774335680503,4.88185941032389,4.77351464730101,4.77409615632588,26.8929212823234
22063,"Livingston","Louisiana",449,"2021-04-14",5.74300318780948,966.249218015931,-0.0109966716841198,5.61104312760004,5.66459926535267,5.66602648602064,-63.0324520428227
22067,"Morehouse","Louisiana",449,"2021-04-14",3.50941096630239,284.785066544397,0.0215645780715066,3.69217779951115,3.66468578443993,3.66036301280294,32.14285845341
22069,"Natchitoches","Louisiana",449,"2021-04-14",4.50613880538191,1335.85652635881,-0.00507575320723702,4.46593458557415,4.46710882417948,4.47060853293125,-136.560457583252
22071,"Orleans","Louisiana",449,"2021-04-14",6.10988230192246,-177.257645953965,0.00983469956742423,6.22789869673155,6.17803516409188,6.17872519889443,70.4797513953428
22073,"Ouachita","Louisiana",449,"2021-04-14",5.13158790451392,232.045929039199,0.0242108485166249,5.42211808671342,5.30049768831001,5.30106384413029,28.6296112291967
22075,"Plaquemines","Louisiana",449,"2021-04-14",3.97029191355212,892.515042225915,-0.00888173237187716,3.87700978134923,3.90461441161348,3.90811978694898,-78.0418899757333
22077,"Pointe Coupee","Louisiana",449,"2021-04-14",4.49344022204478,-12.395254352806,0.00984199589684412,4.60994417144157,4.56415690005292,4.56233419332269,70.4275014768301
22079,"Rapides","Louisiana",449,"2021-04-14",5.55627633754761,615.748285503478,-0.0323512768774342,5.1680610150184,5.33590116458237,5.32981739940557,-21.4256513950283
22085,"Sabine","Louisiana",449,"2021-04-14",4.25662536813261,626.927902711491,-0.0233565405226145,3.99228448612646,4.09771897434225,4.09312958447431,-29.6767913847865
22087,"St. Bernard","Louisiana",449,"2021-04-14",4.3603651378927,657.387634574065,-0.020433989563741,4.11515282315294,4.21676740758986,4.21732721094651,-33.9212848473749
22089,"St. Charles","Louisiana",449,"2021-04-14",4.39444915467244,583.741627620239,-0.0314469584297012,4.01708565351603,4.17753900333517,4.17432044566453,-22.0417876695279
22093,"St. James","Louisiana",449,"2021-04-14",3.62624388312245,356.960850896162,0.0410378993692561,4.06435863454004,3.91182213341016,3.91350917870724,16.8904157184815
22095,"St. John the Baptist","Louisiana",449,"2021-04-14",3.93462283734539,171.684740507694,0.0143966441800402,4.09318562586654,4.0357310613183,4.03539934660567,48.1464410658241
22097,"St. Landry","Louisiana",449,"2021-04-14",4.98556165654414,-324.072876908372,0.00653582900113383,5.09842293189564,5.03491430111842,5.03131245955208,106.053444855993
22099,"St. Martin","Louisiana",449,"2021-04-14",4.801676377774,246.668338542329,0.0243330256396995,5.09367268545039,4.96897421119758,4.9720075572519,28.4858607730668
22101,"St. Mary","Louisiana",449,"2021-04-14",5.4192699769657,592.162281539179,-0.0365765829242624,4.98035098187455,5.16940151011019,5.16323389649586,-18.9505723373672
22103,"St. Tammany","Louisiana",449,"2021-04-14",6.02999821111023,775.711454613932,-0.0181784443293595,5.81185687915791,5.90329460774163,5.90274910080471,-38.1301704371073
22105,"Tangipahoa","Louisiana",449,"2021-04-14",5.2868229871223,1236.70158210735,-0.0066789159655912,5.21424026109909,5.23483570296981,5.24007057536316,-103.781389694217
22109,"Terrebonne","Louisiana",449,"2021-04-14",5.02950377840064,-541.48203304219,0.0051035976403086,5.09074695008434,5.06658723679294,5.0652289618828,135.815405016535
22111,"Union","Louisiana",449,"2021-04-14",3.54715129428523,338.933298906266,0.0334233303844004,3.91275902766773,3.78106200816405,3.78111460697603,20.7384235080133
22113,"Vermilion","Louisiana",449,"2021-04-14",4.91580119142541,723.349533937606,-0.0175575153864225,4.6939935556624,4.79298553231375,4.79289858372045,-39.4786600099447
22115,"Vernon","Louisiana",449,"2021-04-14",4.16998197642772,191.765182250819,0.0164834137167352,4.35549181932587,4.28627611269863,4.28536587244487,42.0511911228808
22117,"Washington","Louisiana",449,"2021-04-14",4.73870157861261,552.385342431874,-0.0437208710355936,4.21405112618549,4.44602357731199,4.43265548136345,-15.853919744546
22119,"Webster","Louisiana",449,"2021-04-14",4.04555439805267,321.690025251688,0.0327131029127663,4.39369602615256,4.2742193672766,4.27454611844203,21.188671169724
22121,"West Baton Rouge","Louisiana",449,"2021-04-14",4.70953020131233,-81.0300533926067,0.0089906315386146,4.82823933521545,4.77370327681693,4.77246462208263,77.09660634883
22127,"Winn","Louisiana",449,"2021-04-14",3.57954279007647,330.644557008997,0.0314892870981067,3.94735353365404,3.79906559107008,3.79996779976322,22.0121585604782
23001,"Androscoggin","Maine",449,"2021-04-14",6.65599177028788,301.405549620359,0.0464577406228866,7.18210887747506,6.97386206997874,6.98119595464809,14.9199502874334
23003,"Aroostook","Maine",449,"2021-04-14",4.91370475459889,307.347889925526,0.0355965920749025,5.29150852339457,5.16432262379922,5.16288089912321,19.4722904681836
23005,"Cumberland","Maine",449,"2021-04-14",7.10085190894405,188.827484459311,0.0278276517903895,7.43478373042872,7.29225235893893,7.29564547147678,24.9085760372827
23007,"Franklin","Maine",449,"2021-04-14",4.51711930786536,357.44581793113,0.0518554062681406,5.11056715060557,4.87085029781699,4.88010715174234,13.3669221869699
23009,"Hancock","Maine",449,"2021-04-14",5.01158722182164,235.813598950391,0.0240725964642975,5.30045837939321,5.18106783258763,5.18009539707172,28.794034809995
23011,"Kennebec","Maine",449,"2021-04-14",6.48681388573447,281.065728598794,0.0398124582995893,6.96456338532954,6.76263092309715,6.7655010938316,17.4103084854495
23013,"Knox","Maine",449,"2021-04-14",4.56880254181722,637.813290159465,-0.0235732159443665,4.28592395048482,4.40364394715743,4.40379003020665,-29.4040143778343
23015,"Lincoln","Maine",449,"2021-04-14",4.45600704767187,313.075318344311,0.0337793222906886,4.82789888494158,4.69251161562069,4.69246230370669,20.5198664021455
23017,"Oxford","Maine",449,"2021-04-14",5.87573297718467,156.268175700055,0.020420865823516,6.12078336706686,6.01925717944179,6.01867903794928,33.9430848109162
23019,"Penobscot","Maine",449,"2021-04-14",6.28519969127284,3210.18652552975,-0.00227586848349133,6.26816631110966,6.2680571394607,6.2692686118884,-304.563811831785
23021,"Piscataquis","Maine",449,"2021-04-14",3.35240721749272,110.235351213734,0.00983377624220069,3.40017218862725,3.42606488560679,3.42124365118813,70.4863689683493
23023,"Sagadahoc","Maine",449,"2021-04-14",5.0201140380508,349.443238454652,0.0530910106903698,5.65720616633524,5.3855727151162,5.39175111288339,13.0558294435648
23025,"Somerset","Maine",449,"2021-04-14",5.37726056888815,335.505266750076,0.0495624110757646,5.97200950179733,5.71811456737898,5.7241974464185,13.9853402107567
23027,"Waldo","Maine",449,"2021-04-14",4.29436569611546,875.10156360753,-0.00999480465653302,4.18883825950481,4.22410665595191,4.22440206351973,-69.3507481516285
23029,"Washington","Maine",449,"2021-04-14",3.78093759853188,904.697858396478,-0.00836190974625103,3.75197099524747,3.72053584987242,3.72240423030812,-82.8934061230104
23031,"York","Maine",449,"2021-04-14",7.11801620446533,221.424733913326,0.0319802659550386,7.50177939592579,7.33875047393779,7.3418780661506,21.6742156408095
24001,"Allegany","Maryland",449,"2021-04-14",5.11884887873649,310.149974141296,0.0378166966087331,5.51556617827448,5.38305023251418,5.38356575499762,18.3291308527428
24003,"Anne Arundel","Maryland",449,"2021-04-14",7.93681331412809,-419.558686844044,0.00919082100040463,8.04710316613295,8.00203554898671,8.00114906113092,75.4173300219239
24005,"Baltimore","Maryland",449,"2021-04-14",8.57885257180297,93.1444788891676,0.0244512400564248,8.87226745248007,8.74872167562516,8.75001125219794,28.3481401745027
24009,"Calvert","Maryland",449,"2021-04-14",5.24852670204502,1535.79262157124,-0.00481886873309051,5.20337890231148,5.21447014176814,5.21479462091339,-143.840228682761
24011,"Caroline","Maryland",449,"2021-04-14",4.61935482098004,287.036681516884,0.0293539439742511,4.95973978445693,4.82561300033,4.8248324287998,23.613425888118
24013,"Carroll","Maryland",449,"2021-04-14",6.55128439585423,-88.1020840592327,0.0123120818206097,6.69902937770155,6.63766964300757,6.6374689685985,56.2981298093435
24015,"Cecil","Maryland",449,"2021-04-14",5.99929098335745,160.481017391221,0.0211202867235257,6.24144564494202,6.14784805868933,6.14713299042213,32.8190232279306
24017,"Charles","Maryland",449,"2021-04-14",6.47807066063875,-422.176694828306,0.00747892514231502,6.56781776234653,6.53239847056029,6.53042313663495,92.6800532657008
24019,"Dorchester","Maryland",449,"2021-04-14",4.78510795142677,248.413690140676,0.0243404213890775,5.05273825657957,4.95322757702142,4.95549090115031,28.4772054468616
24021,"Frederick","Maryland",449,"2021-04-14",6.96535010551672,47.3554560141103,0.017560685533505,7.17607833191878,7.08787347943064,7.08827490425126,39.4715331151195
24023,"Garrett","Maryland",449,"2021-04-14",3.68171096463532,642.255601899435,-0.0186596525516312,3.4754648172384,3.55025952817487,3.5510933967739,-37.1468428279685
24025,"Harford","Maryland",449,"2021-04-14",7.45231958401829,72.0745375818189,0.0200371319983442,7.69276516799842,7.59311893016808,7.5925795080067,34.5931334193549
24027,"Howard","Maryland",449,"2021-04-14",7.12620210363743,80.9479074098414,0.0196285939375704,7.36174523088828,7.26187690459696,7.26360226120042,35.3131346424777
24029,"Kent","Maryland",449,"2021-04-14",3.85318250540521,502.062363764898,-0.0678130636905515,3.12363000772637,3.40046329975316,3.37849105957135,-10.2214402776868
24031,"Montgomery","Maryland",449,"2021-04-14",7.87566211027955,-629.1995624833,0.00733848799943217,7.96372396627274,7.92789115671368,7.92703152627558,94.4536777349202
24033,"Prince George's","Maryland",449,"2021-04-14",8.26296431617604,-376.935461768674,0.0100653031827542,8.38374795436909,8.33363845767241,8.33342143845532,68.8650076380785
24035,"Queen Anne's","Maryland",449,"2021-04-14",4.8795498872,187.826371584222,0.0189633723311722,5.08547636504981,5.01373177329399,5.0122934935182,36.5518942757108
24037,"St. Mary's","Maryland",449,"2021-04-14",5.56287702157896,207.3052039812,0.0235023207740364,5.8449048708674,5.72647706042311,5.72739326699721,29.4927121123154
24039,"Somerset","Maryland",449,"2021-04-14",4.01766919456313,855.828492583619,-0.00982542798834414,3.92848606156854,3.9467482668284,3.94889119864472,-70.5462582782371
24041,"Talbot","Maryland",449,"2021-04-14",4.31367131500961,332.345476718476,0.0384380692218823,4.75304112549406,4.58218457481949,4.58273779956279,18.0328303317937
24043,"Washington","Maryland",449,"2021-04-14",6.68425452102009,-306.85365564405,0.00890220680258476,6.79108100265111,6.74866089260999,6.74656996863818,77.8623992826913
24045,"Wicomico","Maryland",449,"2021-04-14",5.53451815701889,26.0833570986348,0.0132431149872275,5.69343553686562,5.62797710312836,5.62721996192948,52.3401919584975
24047,"Worcester","Maryland",449,"2021-04-14",4.98848706087325,230.791147786493,0.0233323607044778,5.25465417368698,5.15448608724019,5.15181358580459,29.7075460704206
24510,"Baltimore city","Maryland",449,"2021-04-14",8.46803295877992,80.3302146950456,0.0232849505264208,8.74745236509697,8.63225295649199,8.63102761246487,29.7680332098388
25001,"Barnstable","Massachusetts",449,"2021-04-14",7.46180458234111,1024.53259994784,-0.0128533773693529,7.30756405390887,7.37590780661305,7.37183094075564,-53.9272411166157
25003,"Berkshire","Massachusetts",449,"2021-04-14",6.6164475943153,-459.368265422522,0.00732419750346296,6.70433796435686,6.6710185657198,6.66771697683954,94.6379695840012
25005,"Bristol","Massachusetts",449,"2021-04-14",8.28828304520769,-424.315818611151,0.00954524018514897,8.40282592742948,8.35584164829948,8.35509972650373,72.6170496619229
25007,"Dukes","Massachusetts",449,"2021-04-14",5.32995445149122,323.319315223476,0.0438710408586951,5.82083974299053,5.6392353575641,5.63705173750209,15.7996520482045
25009,"Essex","Massachusetts",449,"2021-04-14",8.5181356043485,-572.145377297353,0.00838279226049743,8.61872911147447,8.57826620065348,8.57681515017198,82.6869089702115
25011,"Franklin","Massachusetts",449,"2021-04-14",5.37726056888815,-442.335696335999,0.00606684418907765,5.45006269915708,5.42447431824566,5.41972847821169,114.251686537103
25013,"Hampden","Massachusetts",449,"2021-04-14",8.21492912612476,-106.958808062395,0.0149102419380769,8.39385202938168,8.31854982758622,8.3193008196913,46.4879901639844
25015,"Hampshire","Massachusetts",449,"2021-04-14",6.43064071255846,1021.13027982566,-0.011176467178631,6.31616002412197,6.35403793342199,6.35240544230804,-62.0184508647974
25017,"Middlesex","Massachusetts",449,"2021-04-14",9.11566855980045,-963.413076129796,0.00647689631026263,9.1933913155236,9.1635341724235,9.16100683397229,107.018415512019
25019,"Nantucket","Massachusetts",449,"2021-04-14",5.07695793702733,130.039318676419,0.0161706807222616,5.27100610569447,5.19557059102916,5.19015270208316,42.8644404317325
25021,"Norfolk","Massachusetts",449,"2021-04-14",8.15001429401586,2419.97228487264,-0.00412455901148489,8.10051958587804,8.12051771226493,8.12114238093547,-168.053646130378
25023,"Plymouth","Massachusetts",449,"2021-04-14",8.08878108909616,2359.01612678518,-0.00422387100346519,8.03809463705458,8.05814248795217,8.0592139920719,-164.102355396578
25025,"Suffolk","Massachusetts",449,"2021-04-14",8.66107087609491,-615.54226683832,0.00817435146022027,8.75916309361755,8.72003671300657,8.71829133631645,84.7953729336306
25027,"Worcester","Massachusetts",449,"2021-04-14",8.30311556300863,-601.999900080484,0.00793796974776933,8.39837119998186,8.35851721917366,8.35868135124302,87.3204613503003
26001,"Alcona","Michigan",449,"2021-04-14",4.86423230105983,376.850753987117,0.0720121018995075,5.69970356914889,5.37659879471412,5.36831701435638,9.62542631413854
26003,"Alger","Michigan",449,"2021-04-14",3.47903986842609,371.421220088928,0.0478369866434114,4.04599396492199,3.81668309763244,3.81389877492997,14.4897751550873
26005,"Allegan","Michigan",449,"2021-04-14",7.16372551879924,261.183033931864,0.0391852335856471,7.633948321827,7.43646372802168,7.43802215389877,17.6889893751669
26007,"Alpena","Michigan",449,"2021-04-14",5.46322629486481,363.279619535199,0.0676808788983238,6.2753968416447,5.93507457753895,5.93699244715308,10.2414033600428
26009,"Antrim","Michigan",449,"2021-04-14",5.82852536124765,240.828136166838,0.0286876600493946,6.17277728184039,6.03075609786018,6.02933898159341,24.161858421582
26011,"Arenac","Michigan",449,"2021-04-14",4.89142266563028,389.894064529078,0.0893720495592124,5.90802294106534,5.51547837599176,5.51702701254477,7.75574896154428
26015,"Barry","Michigan",449,"2021-04-14",6.4763128047697,299.990121348703,0.0449713093672646,7.01596851717688,6.79133157412391,6.79111197034055,15.4130976018346
26017,"Bay","Michigan",449,"2021-04-14",7.21071294041488,306.604990128701,0.0524816217646426,7.84049240159059,7.57992218171327,7.57808429276738,13.2074268525544
26019,"Benzie","Michigan",449,"2021-04-14",4.66343909411207,362.187186084762,0.0570013286542573,5.34745503796315,5.05688589093927,5.06244839469187,12.1601934011792
26021,"Berrien","Michigan",449,"2021-04-14",7.18387071506245,92.2523936943013,0.0204233677394781,7.42895112793619,7.33240698003203,7.3268342892388,33.9389266942543
26023,"Branch","Michigan",449,"2021-04-14",5.67381406472736,271.143763222626,0.032823889785561,6.06770074215409,5.9044981892226,5.90358129322629,21.1171553733664
26025,"Calhoun","Michigan",449,"2021-04-14",7.34388814425559,99.583952934343,0.0213227235107765,7.59976082638491,7.49648333309518,7.49314720883103,32.5074411910668
26027,"Cass","Michigan",449,"2021-04-14",6.21517936379048,-16.6720270662005,0.0134881347159097,6.37546397751102,6.31448100445221,6.30959630680185,51.3894022531045
26029,"Charlevoix","Michigan",449,"2021-04-14",5.50475064715623,360.778492353539,0.0654350660786975,6.23082564495936,5.95470409240822,5.96279610970711,10.5929010559309
26031,"Cheboygan","Michigan",449,"2021-04-14",5.79431937570787,257.750675390588,0.0311105524160116,6.16764600470001,6.01228260365864,6.01209324261995,22.2801309115683
26033,"Chippewa","Michigan",449,"2021-04-14",5.83606308537907,111.67330155194,0.0175612224736473,6.04679775506284,5.9677533112164,5.9589916426946,39.4703262600367
26035,"Clare","Michigan",449,"2021-04-14",5.68309374059764,373.039443493395,0.0800880661085096,6.64415053389976,6.23912648786646,6.24371020335721,8.65481231149739
26037,"Clinton","Michigan",449,"2021-04-14",6.97314165487498,149.757682538563,0.0237516906014189,7.27377277340555,7.14274216943622,7.13940348908491,29.1830671000126
26039,"Crawford","Michigan",449,"2021-04-14",5.27299955856375,274.288339349019,0.0310703433007346,5.64584367817257,5.49858982382614,5.49049196166889,22.3089643346025
26041,"Delta","Michigan",449,"2021-04-14",5.50649230216832,352.629835354894,0.0602657587797537,6.22968140752537,5.92206699930792,5.9283526136266,11.5015092250495
26043,"Dickinson","Michigan",449,"2021-04-14",4.81102224019224,362.995925770967,0.059392348915555,5.5237304271789,5.22626288993561,5.22676868260112,11.6706477049001
26045,"Eaton","Michigan",449,"2021-04-14",7.49886973397693,156.121153578195,0.0260487000944469,7.81145413511029,7.683647849268,7.68121063463806,26.6096648986992
26047,"Emmet","Michigan",449,"2021-04-14",5.96431355804203,333.550139145537,0.0538550191618882,6.59453960268768,6.34511506171196,6.34129869217525,12.8706143150064
26049,"Genesee","Michigan",449,"2021-04-14",8.76081141306267,194.367434307219,0.0350948258243055,9.18194932295434,9.00570901298718,9.00647519383281,19.7506944194575
26051,"Gladwin","Michigan",449,"2021-04-14",5.84230140879176,357.513397696198,0.0675515195783677,6.65291964373217,6.31762209983796,6.31516204584033,10.2610153685116
26053,"Gogebic","Michigan",449,"2021-04-14",3.53888678443534,168.028075632359,0.0126416332280126,3.64043544782071,3.6316864687003,3.62737821703143,54.8305086896526
26055,"Grand Traverse","Michigan",449,"2021-04-14",6.78784498230958,231.486499088439,0.0319407706013671,7.17113422952598,7.01378657550201,7.01143037651915,21.7010162093672
26057,"Gratiot","Michigan",449,"2021-04-14",6.0789520012311,350.577940343461,0.0650697707113288,6.85978924976704,6.53462254471585,6.5344403962104,10.6523685727275
26059,"Hillsdale","Michigan",449,"2021-04-14",5.75302605075813,138.020616574334,0.0188020055022948,5.97865011678567,5.88836987521948,5.88464008927419,36.8655982190489
26061,"Houghton","Michigan",449,"2021-04-14",5.11799381241676,10.9756125303213,0.0118532449745097,5.27498308430922,5.21196397412894,5.20096652723833,58.4774196475778
26063,"Huron","Michigan",449,"2021-04-14",6.77959717942913,33.4434419375679,0.0165131869076079,6.97775542232043,6.90469539432682,6.89518948778239,41.9753730420504
26065,"Ingham","Michigan",449,"2021-04-14",8.19493939203258,124.562997043867,0.0256543209340027,8.50279124324061,8.37780237551066,8.3745196385706,27.0187303863201
26067,"Ionia","Michigan",449,"2021-04-14",6.54123612100863,313.861566679494,0.0502636765643154,7.14440023978041,6.89304970219291,6.89308185695884,13.7902204521991
26069,"Iosco","Michigan",449,"2021-04-14",5.75709753342392,362.574109163764,0.0707035253074804,6.60553983711368,6.26368000240705,6.25202221057628,9.80357312518066
26071,"Iron","Michigan",449,"2021-04-14",3.25258688221051,271.239416303374,0.0188846073620151,3.48913107908752,3.39255251568156,3.38477913374462,36.7043469462943
26073,"Isabella","Michigan",449,"2021-04-14",6.77177190311033,330.258321541671,0.0595364161571719,7.48620889699639,7.19115510009583,7.18852681621053,11.6424068712851
26075,"Jackson","Michigan",449,"2021-04-14",7.9655951750744,60.9079511625016,0.0207929013385848,8.21510999113742,8.11860651936573,8.11114548444449,33.3357605690983
26077,"Kalamazoo","Michigan",449,"2021-04-14",7.98007248130819,183.442473089509,0.0306269121292727,8.34759542685946,8.19587015475417,8.1944608662131,22.6319642553011
26079,"Kalkaska","Michigan",449,"2021-04-14",5.29042919369903,301.791362262592,0.0372018836399231,5.73685179737811,5.5536212375957,5.55084237917849,18.6320452821399
26081,"Kent","Michigan",449,"2021-04-14",8.82941455460066,239.673683685524,0.0432123219067456,9.34796241748161,9.12881014733805,9.13190080794788,16.0404984035756
26085,"Lake","Michigan",449,"2021-04-14",4.49344022204478,336.408968979549,0.0414891978141337,4.96173594280368,4.79617831542392,4.78386460674372,16.706690345404
26087,"Lapeer","Michigan",449,"2021-04-14",7.52178194556481,152.586610785509,0.025811380753094,7.83151851460194,7.70543987828134,7.70246161083647,26.8543239585065
26089,"Leelanau","Michigan",449,"2021-04-14",4.98458461689631,344.168912438963,0.0499301844613157,5.5837468304321,5.33391540882122,5.33409590812552,13.8823276548672
26091,"Lenawee","Michigan",449,"2021-04-14",6.9782137426307,323.212769147762,0.0577727769185082,7.6714870656528,7.37705496209906,7.38262318106026,11.9978165760955
26093,"Livingston","Michigan",449,"2021-04-14",7.84104358722486,228.367843383207,0.0363630532210436,8.27740022587738,8.09503923200559,8.09558495977216,19.0618531493064
26095,"Luce","Michigan",449,"2021-04-14",4.03297561584581,358.284581001076,0.0467188083501728,4.56514793306759,4.36273451336565,4.36000727429702,14.8365766387828
26097,"Mackinac","Michigan",449,"2021-04-14",4.44600696433729,369.086457233112,0.0589926104615622,5.12725677228133,4.85931036277688,4.85895523756823,11.7497289090399
26099,"Macomb","Michigan",449,"2021-04-14",9.80282234584914,80.7212289127909,0.0269842972561033,10.1266339129224,9.99632224578275,9.99171242664186,25.6870569569185
26101,"Manistee","Michigan",449,"2021-04-14",4.94571574799694,306.239642375619,0.0357617563646041,5.3556934224391,5.19559270047145,5.19604804254917,19.3823584471931
26103,"Marquette","Michigan",449,"2021-04-14",6.07106759770695,318.508755865875,0.0483784158775108,6.65160858823708,6.41185756797187,6.40971650884953,14.3276121796738
26105,"Mason","Michigan",449,"2021-04-14",5.8111409929767,352.125519441012,0.0632508718157669,6.5701514547659,6.25585481602559,6.25389709568707,10.9586976536687
26107,"Mecosta","Michigan",449,"2021-04-14",6.15303659988803,325.435281547663,0.051896016624554,6.77578879938268,6.5244157157608,6.51630871625991,13.3564621264591
26109,"Menominee","Michigan",449,"2021-04-14",4.0990951649807,348.514203537638,0.042726449785353,4.5924864851878,4.39731632718866,4.39818031347817,16.2229060463049
26111,"Midland","Michigan",449,"2021-04-14",6.77910988956324,297.495953629567,0.0462725095825843,7.33438000455425,7.10375202206531,7.10301745664133,14.9796755527785
26113,"Missaukee","Michigan",449,"2021-04-14",5.605802066296,-11.4890019358753,0.01230721717203,5.75348867236036,5.70268293080936,5.69195258650021,56.3203826560587
26115,"Monroe","Michigan",449,"2021-04-14",7.68668689366887,227.333514807272,0.0354770461468993,8.11241144743166,7.93344096336186,7.93502621669717,19.5379056556693
26117,"Montcalm","Michigan",449,"2021-04-14",6.76487419141311,331.088288729467,0.0599129542479849,7.48382964238893,7.18616597058663,7.184264871149,11.569237225241
26119,"Montmorency","Michigan",449,"2021-04-14",4.20682254564879,390.761901611741,0.0776764179471715,5.06746179648512,4.75084722561074,4.75055747127899,8.92352143518464
26121,"Muskegon","Michigan",449,"2021-04-14",7.12493824410227,327.849160060552,0.0613421155440346,7.86104363063069,7.54974071676409,7.55433305291051,11.2996947433671
26123,"Newaygo","Michigan",449,"2021-04-14",6.32076829425058,277.27178372402,0.0379106094662946,6.77569560784612,6.58475023350908,6.58614256051464,18.2837255933911
26125,"Oakland","Michigan",449,"2021-04-14",9.76364239241275,111.698066448079,0.029381840448687,10.116224477797,9.97370132509018,9.96931527555356,23.5910062125097
26127,"Oceana","Michigan",449,"2021-04-14",5.67135766457303,367.232298844587,0.073094899090447,6.48846615844588,6.17574617323444,6.18302195820616,9.48283928406893
26129,"Ogemaw","Michigan",449,"2021-04-14",5.10767557813836,389.262137530225,0.0933115643848661,6.22741435075675,5.74177242109199,5.76085652883242,7.42830950407219
26133,"Osceola","Michigan",449,"2021-04-14",5.85997189117331,213.300649692759,0.0254009033114706,6.16478273091096,6.04177031317291,6.0377782143536,27.2882886116468
26135,"Oscoda","Michigan",449,"2021-04-14",4.57028292698765,355.430013399806,0.0511398931198433,5.14313836579801,4.93864171260753,4.92826217882655,13.553942690799
26137,"Otsego","Michigan",449,"2021-04-14",6.3456363608286,-15.8510027696576,0.0137993313543065,6.51122833708028,6.44671456507582,6.44223168030874,50.2304903594934
26139,"Ottawa","Michigan",449,"2021-04-14",8.21179317434944,227.602195909845,0.0379476733087748,8.66716525405474,8.47445400521041,8.47742688751086,18.2658677099886
26141,"Presque Isle","Michigan",449,"2021-04-14",5.04802282616788,324.583056498478,0.0422645598210267,5.55427927011654,5.35634194193114,5.34387474491507,16.4001987361313
26143,"Roscommon","Michigan",449,"2021-04-14",5.69228809523047,-18.8494693855983,0.0122983571803304,5.83986838139443,5.80073973928925,5.77837659549278,56.3609570283538
26145,"Saginaw","Michigan",449,"2021-04-14",7.54840543344133,270.263948575437,0.0434475479990916,8.06977600943043,7.85157853664195,7.85253826943497,15.9536547511136
26147,"St. Clair","Michigan",449,"2021-04-14",8.46025996230434,95.2859476403156,0.0242613106786357,8.75139569044797,8.63720647344901,8.63008913705479,28.570063247668
26149,"St. Joseph","Michigan",449,"2021-04-14",5.98931939076159,142.783025808355,0.0198837379826775,6.22792424655372,6.12777746384679,6.12850555664033,34.8600037459661
26151,"Sanilac","Michigan",449,"2021-04-14",6.95300175673908,39.6054953991536,0.0171936108864832,7.15932508737688,7.0788770923297,7.07335703294446,40.3142298110786
26153,"Schoolcraft","Michigan",449,"2021-04-14",3.90052862600241,247.745817968564,0.0198303139683172,4.12974581489846,4.05337402006462,4.03934082378063,34.9539186150751
26155,"Shiawassee","Michigan",449,"2021-04-14",7.00436331750206,311.126880005231,0.0525971881029334,7.61991874342372,7.37350614944834,7.37254363422259,13.178407545351
26157,"Tuscola","Michigan",449,"2021-04-14",7.01340146811712,181.177930075774,0.0266849791957698,7.33362121846636,7.2016294067597,7.20019632248751,25.9751815984112
26159,"Van Buren","Michigan",449,"2021-04-14",6.60471781844716,267.424641533699,0.0374045273123864,7.0535721461958,6.86590864830233,6.86654950963386,18.531103862671
26161,"Washtenaw","Michigan",449,"2021-04-14",8.07407071891662,246.403474227798,0.0408614002061188,8.56440752139004,8.35790492320295,8.36010052035945,16.9633731850469
26163,"Wayne","Michigan",449,"2021-04-14",10.1297177637819,173.29898842572,0.0374203173636916,10.5787615721462,10.3913962825631,10.3916599853277,18.5232843918233
26165,"Wexford","Michigan",449,"2021-04-14",6.33150184989369,-7.59759515329934,0.0140202293321434,6.49974460187941,6.43395735036426,6.42964345521869,49.4390757910648
27001,"Aitkin","Minnesota",449,"2021-04-14",4.19397440317094,366.245701134859,0.0539388106430624,4.84124013088769,4.57237506300149,4.57154607767238,12.850620402938
27003,"Anoka","Minnesota",449,"2021-04-14",7.97443452054724,197.72861655659,0.0323806786198514,8.36300266398546,8.20039181932921,8.2010992708862,21.4061968465047
27005,"Becker","Minnesota",449,"2021-04-14",5.45471042831582,337.116547943326,0.0508088070253618,6.04032637405639,5.80527936129725,5.81037207749335,13.6422644250229
27007,"Beltrami","Minnesota",449,"2021-04-14",5.31250200153999,239.220001716443,0.0259234970538524,5.61969564683791,5.49493324599695,5.49396648091696,26.7381819327859
27009,"Benton","Minnesota",449,"2021-04-14",6.12155251795475,-37.0246267119891,0.0127260688497348,6.27426534415157,6.21137354349984,6.21063499990289,54.4667162141269
27011,"Big Stone","Minnesota",449,"2021-04-14",3.06472514504094,630.028838100453,-0.0164020002717496,2.85442104981589,2.94675436961696,2.94991114313869,-42.2599176366194
27013,"Blue Earth","Minnesota",449,"2021-04-14",6.17883287133025,153.13005721878,0.0212425966473191,6.43374403109808,6.32661704951403,6.32753104786148,32.6300589361999
27015,"Brown","Minnesota",449,"2021-04-14",5.61936513284362,-382.375220154803,0.00680001650072585,5.70096533085233,5.67324699585623,5.6669652483487,101.933161557175
27017,"Carlton","Minnesota",449,"2021-04-14",5.17291610000676,232.75912251387,0.0244882342923728,5.46677491151523,5.3458889463812,5.34433374005337,28.3053148007423
27019,"Carver","Minnesota",449,"2021-04-14",7.00552995189454,131.18043060568,0.022394794435203,7.27426748511698,7.16255104866938,7.16229351294096,30.9512633645954
27021,"Cass","Minnesota",449,"2021-04-14",5.05259949319529,352.964774945798,0.0555015873271799,5.71861854112145,5.43541663078581,5.44111060448555,12.488781203209
27023,"Chippewa","Minnesota",449,"2021-04-14",3.35240721749272,510.326524545184,-0.0510737280226387,2.77465813903595,3.006792192473,2.99489112133425,-13.5715015800825
27025,"Chisago","Minnesota",449,"2021-04-14",5.53338948872752,307.346949919654,0.0404922501581495,6.01929649062531,5.81464511744411,5.81683523983457,17.1180208028138
27027,"Clay","Minnesota",449,"2021-04-14",6.30575377455028,130.905817299302,0.0201072938456021,6.53676425905878,6.44712243809345,6.4465048314695,34.4724250753192
27029,"Clearwater","Minnesota",449,"2021-04-14",3.18398856586776,381.511935488147,0.0503659678323474,3.75166346109781,3.5321914088373,3.53655034069419,13.7622130655211
27033,"Cottonwood","Minnesota",449,"2021-04-14",4.63334106295479,193.590777700795,0.0185030767653541,4.85537798413904,4.76314513096409,4.76286260031227,37.4611849342712
27035,"Crow Wing","Minnesota",449,"2021-04-14",6.3662249585931,278.910184284753,0.0385621907142583,6.8289712471642,6.63541338030916,6.63616029359291,17.9747874205616
27037,"Dakota","Minnesota",449,"2021-04-14",8.11351220510157,103.408931739286,0.0238218584137705,8.39937450606682,8.28167741339598,8.28026521399796,29.0971077285584
27039,"Dodge","Minnesota",449,"2021-04-14",4.59656181145149,216.772324398352,0.0201481525044875,4.81999569131606,4.7388373771301,4.7375988789829,34.4025180673794
27041,"Douglas","Minnesota",449,"2021-04-14",5.67430462151914,182.213242548964,0.0216877441663645,5.93781715173658,5.82799413877601,5.82611883068369,31.9603170916662
27043,"Faribault","Minnesota",449,"2021-04-14",4.50928841428481,660.837920195005,-0.0209184983364324,4.28490169283748,4.36831899352966,4.36285892592978,-33.1356089434362
27045,"Fillmore","Minnesota",449,"2021-04-14",4.0943445622221,903.969512462905,-0.00899049914911862,4.02746952062883,4.02953803679801,4.03141106817827,-77.0977416340557
27047,"Freeborn","Minnesota",449,"2021-04-14",5.36997335545447,247.749420386768,0.0273628407418594,5.69832744435678,5.55918429158195,5.56151324064749,25.3316966282516
27049,"Goodhue","Minnesota",449,"2021-04-14",5.61677109766657,-461.932741018787,0.00619998686806496,5.69117094008335,5.66585137711486,5.66017100574302,111.798169142942
27051,"Grant","Minnesota",449,"2021-04-14",3.66721795733276,246.367663253584,0.0185123862147174,3.88079478094334,3.8006108996608,3.79680466083578,37.4423465738248
27053,"Hennepin","Minnesota",449,"2021-04-14",9.02629733428389,40.2327728294108,0.0223552005385279,9.29455974074623,9.18400112534436,9.18278373805359,31.0060819792399
27055,"Houston","Minnesota",449,"2021-04-14",3.11033565629299,546.183637152341,-0.0309336857259897,2.78971228929722,2.90037056594353,2.89379985621106,-22.4075199670623
27057,"Hubbard","Minnesota",449,"2021-04-14",4.05550472890584,384.693808600433,0.067734514839814,4.82989027952458,4.52289199563361,4.52964633278454,10.2332936494662
27059,"Isanti","Minnesota",449,"2021-04-14",6.05845541592426,260.749072002134,0.0330609808207618,6.4551871857734,6.29069882643243,6.28988228166959,20.9657173910781
27061,"Itasca","Minnesota",449,"2021-04-14",5.6951741001196,-7.06075106985145,0.0126261797033137,5.84668825655937,5.78556055035482,5.7835573580428,54.8976172403146
27063,"Jackson","Minnesota",449,"2021-04-14",5.14749447681345,281.783597299967,0.0316413387251994,5.5124402093175,5.37026872413446,5.36898384788985,21.9063797072504
27065,"Kanabec","Minnesota",449,"2021-04-14",4.67815507874458,45.597874352861,0.0117033630890953,4.80308508898499,4.76244235586121,4.76007862036825,59.2263245430528
27067,"Kandiyohi","Minnesota",449,"2021-04-14",5.54852006597625,143.13376653969,0.0184418171562885,5.76982187185171,5.6780967693589,5.67761278607027,37.5856226469303
27071,"Koochiching","Minnesota",449,"2021-04-14",4.7548209604925,339.005810229644,0.0449859709093046,5.26309721756692,5.07070414239752,5.06972275685763,15.408074262916
27073,"Lac qui Parle","Minnesota",449,"2021-04-14",3.26902560855367,202.515114941898,0.0135251461137297,3.4284201080328,3.36629770693132,3.36370163134978,51.2487757789408
27075,"Lake","Minnesota",449,"2021-04-14",3.15395627876888,619.741909471131,-0.0181221328410193,2.967352635078,3.02710660063329,3.02710134888174,-38.2486535465081
27077,"Lake of the Woods","Minnesota",449,"2021-04-14",3.92902058179672,168.724044914018,0.0142418029009527,4.09132753051748,4.0344923310856,4.02871320210339,48.669904040982
27079,"Le Sueur","Minnesota",449,"2021-04-14",5.24174701505964,105.988574976958,0.0155087207507654,5.42822945025982,5.3513513594374,5.350308060315,44.6940267801092
27081,"Lincoln","Minnesota",449,"2021-04-14",3.5305534028762,154.382334402644,0.0124009445314803,3.74034394078739,3.62135754833166,3.61736001459656,55.8947085683966
27083,"Lyon","Minnesota",449,"2021-04-14",5.34096626269539,-26.1153933067479,0.0113291959510266,5.46197976177839,5.42404225396752,5.42027063435258,61.1823807758517
27085,"McLeod","Minnesota",449,"2021-04-14",5.6368283398591,213.351042581243,0.0245074386283274,5.94670443216782,5.80866610301695,5.80838041025739,28.2831344014367
27087,"Mahnomen","Minnesota",449,"2021-04-14",3.56347818757266,123.10314399493,0.0110634068334567,3.68297335156275,3.6479286415447,3.64092203540686,62.652236421769
27089,"Marshall","Minnesota",449,"2021-04-14",3.26357600378611,846.701148242362,-0.00812099841294796,3.17288340481317,3.20405762125009,3.20672901489547,-85.3524585665237
27091,"Martin","Minnesota",449,"2021-04-14",4.77310300532994,909.299086678521,-0.0102542391719784,4.64823725124091,4.70188000805834,4.70132333112609,-67.5961589090002
27093,"Meeker","Minnesota",449,"2021-04-14",5.05168583392661,281.739950640691,0.0311332694269071,5.4252850670495,5.26918019346606,5.26961871991496,22.2638737697394
27095,"Mille Lacs","Minnesota",449,"2021-04-14",5.73056349733384,217.592934510597,0.0252454240219903,6.01868745811839,5.9071734188233,5.90728146548777,27.4563493152728
27097,"Morrison","Minnesota",449,"2021-04-14",5.89872249540937,-147.455715383816,0.00997322765167886,6.01840122722952,5.97221898771523,5.96853508897112,69.5007879864512
27099,"Mower","Minnesota",449,"2021-04-14",5.30685226899788,1002.41893489737,-0.00950335301573032,5.19281203280912,5.24209316971838,5.24032879788777,-72.9371180269344
27101,"Murray","Minnesota",449,"2021-04-14",3.92338676407846,372.028407683474,0.0539890806810431,4.53354907249258,4.29714348936974,4.30131032884576,12.8386549986825
27103,"Nicollet","Minnesota",449,"2021-04-14",5.54573532454982,241.581186803012,0.0273973314879229,5.8745033024049,5.73605766026052,5.73751664496528,25.299806328419
27105,"Nobles","Minnesota",449,"2021-04-14",4.252568567437,364.720083725469,0.0532372561089573,4.85949228031138,4.61555279089809,4.6252293601997,13.0199644238111
27109,"Olmsted","Minnesota",449,"2021-04-14",6.08807258562791,-129.927780384648,0.0106077328780769,6.21536538016483,6.1647950581202,6.16232671577445,65.3435742139097
27111,"Otter Tail","Minnesota",449,"2021-04-14",5.78996017089725,79.5496736004937,0.0158868294291232,5.98060212404673,5.90341923108729,5.90116797690111,43.6303029281154
27113,"Pennington","Minnesota",449,"2021-04-14",3.42006586596654,517.86139058234,-0.0466468371523828,2.88563821251436,3.09701555593005,3.09353800589986,-14.8594679269597
27115,"Pine","Minnesota",449,"2021-04-14",5.04250303294428,-69.6413585364089,0.00978141057012682,5.14151394048385,5.11427581266209,5.11097290693517,70.8637241623279
27117,"Pipestone","Minnesota",449,"2021-04-14",3.81928095372953,324.121141710524,0.0321350567328575,4.23793459299678,4.04451158170529,4.04422635085953,21.5698135006314
27119,"Polk","Minnesota",449,"2021-04-14",4.649870364906,99.3526199081479,0.0134976083563786,4.8138866578083,4.74686211018143,4.74435362340065,51.3533332912556
27121,"Pope","Minnesota",449,"2021-04-14",4.76947323727937,821.743626149624,-0.0126310221827932,4.61971585511114,4.68286574397182,4.68105608199982,-54.8765705996617
27123,"Ramsey","Minnesota",449,"2021-04-14",7.83890647376314,211.756296284268,0.0337529343028305,8.24394168539711,8.07182387633161,8.07517701388295,20.5359087995445
27127,"Redwood","Minnesota",449,"2021-04-14",4.85870437100731,253.748135040586,0.0255060276320896,5.15864165629648,5.03805997947366,5.03724656443194,27.1758186166114
27129,"Renville","Minnesota",449,"2021-04-14",4.66074003714291,244.927125522189,0.0234122305681702,4.94168680396095,4.82479691764881,4.8246256511201,29.6061999962662
27131,"Rice","Minnesota",449,"2021-04-14",6.16391612696316,247.278409156585,0.0313331958151429,6.53991447674487,6.38033805413755,6.38324849766916,22.121815618468
27133,"Rock","Minnesota",449,"2021-04-14",3.34739467566918,318.520456333274,0.0264569969454,3.63729586684556,3.53360398557121,3.53259365428698,26.19901200391
27135,"Roseau","Minnesota",449,"2021-04-14",4.5613675633297,203.178455579424,0.0190139329037513,4.80713188223561,4.6969248486772,4.69446509365596,36.4546979348599
27137,"St. Louis","Minnesota",449,"2021-04-14",6.9799430413656,217.876640551645,0.0308678548664486,7.35035729976298,7.19487990754656,7.19601802543074,22.455307748429
27139,"Scott","Minnesota",449,"2021-04-14",7.27150513659283,-13.1746739450344,0.01590531048854,7.46236886245531,7.38635861200542,7.38284231001261,43.5796070161199
27141,"Sherburne","Minnesota",449,"2021-04-14",6.97701478158652,181.74736923638,0.0266041746131242,7.29626487694401,7.16282681006526,7.16324400387839,26.05407574712
27143,"Sibley","Minnesota",449,"2021-04-14",4.65667774313402,33.4564541695586,0.0112921008674249,4.77140434039674,4.73884011763386,4.735722449206,61.3833677805263
27145,"Stearns","Minnesota",449,"2021-04-14",7.17636374405242,117.493205692633,0.0219792171837525,7.44011435025745,7.33178748405481,7.33021826433869,31.5364817029214
27147,"Steele","Minnesota",449,"2021-04-14",5.61729044330276,106.125980783822,0.0166437256287072,5.82320718044711,5.73368592972037,5.73379652270371,41.6461551952286
27149,"Stevens","Minnesota",449,"2021-04-14",3.3964241029095,317.57198679422,0.0266201839004112,3.68497916850641,3.58517131599219,3.58276539021238,26.0384069153346
27151,"Swift","Minnesota",449,"2021-04-14",4.17877324183889,981.095880421814,-0.00775351673003952,4.07133969372537,4.12111192716491,4.12449862472861,-89.3977797035606
27153,"Todd","Minnesota",449,"2021-04-14",4.65803367554516,176.211070730477,0.0173944221228689,4.86676674101959,4.78079524275244,4.77979463040524,39.8488191021101
27155,"Traverse","Minnesota",449,"2021-04-14",3.31678003984957,507.612852541848,-0.0534178143070505,2.75704577293761,2.95946612975366,2.94285533970022,-12.975955485106
27157,"Wabasha","Minnesota",449,"2021-04-14",4.12943588203337,997.687993115616,-0.00742851449637876,4.02393710937368,4.07459493006925,4.07743628055872,-93.3089894214839
27159,"Wadena","Minnesota",449,"2021-04-14",4.06535702534885,365.423734357504,0.0514342731473644,4.65872438772436,4.42140140558844,4.4253969373804,13.4763677630674
27161,"Waseca","Minnesota",449,"2021-04-14",4.74865190946578,171.874509906484,0.0174502282304899,4.95805464823166,4.87203379144294,4.87080350707921,39.721381944383
27163,"Washington","Minnesota",449,"2021-04-14",7.3654513369796,183.2236512437,0.0282443226623391,7.70438320892767,7.56214717044647,7.56316159561597,24.5411153542792
27165,"Watonwan","Minnesota",449,"2021-04-14",3.75453342433537,61.1768072134096,0.00972173710828269,3.83836728452405,3.82559588661365,3.82258558409335,71.298696193852
27167,"Wilkin","Minnesota",449,"2021-04-14",3.9262076404201,808.855637996559,-0.0106774264571115,3.76759012468541,3.84640622106744,3.85146565522032,-64.9170643641651
27169,"Winona","Minnesota",449,"2021-04-14",4.50297924509154,262.735947075348,0.0248420973294873,4.80108441304539,4.67607359311411,4.67687392639795,27.902119992791
27171,"Wright","Minnesota",449,"2021-04-14",7.20223561932775,170.030866720296,0.0262884929156408,7.51769753431544,7.38645325137843,7.38625506973724,26.3669424787583
27173,"Yellow Medicine","Minnesota",449,"2021-04-14",4.38202663467388,55.2275019979337,0.0112714419286176,4.51728393781729,4.46502968062421,4.4609267281742,61.4958747026042
28001,"Adams","Mississippi",449,"2021-04-14",4.03044076024262,638.391654344201,-0.0208422626295872,3.80145476128672,3.88380383852701,3.88454492183551,-33.2568105909945
28003,"Alcorn","Mississippi",449,"2021-04-14",3.45676723281697,289.700392803921,0.0225013542697424,3.74196637643797,3.61399803864309,3.61427671270517,30.8046872312935
28005,"Amite","Mississippi",449,"2021-04-14",3.5715427474094,543.519727348407,-0.0363658919770387,3.18273295061205,3.31999077682791,3.31698150357013,-19.0603651629828
28011,"Bolivar","Mississippi",449,"2021-04-14",4.17658266045907,501.808836174137,-0.0736817706073551,3.37527615877266,3.6752357631105,3.66081026620758,-9.40730895642665
28023,"Clarke","Mississippi",449,"2021-04-14",3.67810735713203,259.527351539963,0.0196910795991917,3.86875855989059,3.81373730861792,3.81594491432637,35.20107554633
28027,"Coahoma","Mississippi",449,"2021-04-14",3.391627930646,628.132636641283,-0.0184105061943359,3.16904897313172,3.24434388109131,3.26275438728565,-37.6495449523922
28029,"Copiah","Mississippi",449,"2021-04-14",4.38559170083838,601.172843860169,-0.027902986248312,4.05075586585864,4.19216843853118,4.1902707971002,-24.8413261000649
28031,"Covington","Mississippi",449,"2021-04-14",3.04452243772342,586.84431950439,-0.0215384584115091,2.81818493402751,2.89241747774887,2.89375322884286,-32.1818380552975
28033,"DeSoto","Mississippi",449,"2021-04-14",6.34136660675929,1062.39276879612,-0.0102545937254484,6.21831148205391,6.26635270999833,6.26958445068115,-67.5938217659266
28035,"Forrest","Mississippi",449,"2021-04-14",4.33822401201549,638.15718904788,-0.0223342482048955,4.06834387250144,4.17803484105043,4.18188427458122,-31.0351695835462
28037,"Franklin","Mississippi",449,"2021-04-14",3.23023958351852,584.051936054344,-0.0230778413576622,2.95516226580365,3.06796415134921,3.06869469401488,-30.0351826593092
28039,"George","Mississippi",449,"2021-04-14",3.17208366336144,600.307627405465,-0.0205101030195669,2.95976430459535,3.02580746383842,3.02851294222447,-33.7954021926986
28043,"Grenada","Mississippi",449,"2021-04-14",3.32194801000801,384.7304092522,0.0548765619255074,3.91103011007722,3.67488589664083,3.70608394348656,12.6310241793366
28045,"Hancock","Mississippi",449,"2021-04-14",4.68080760019371,642.211556475189,-0.0236152103511665,4.39742507597971,4.51674004172509,4.51550112773554,-29.3517258687347
28047,"Harrison","Mississippi",449,"2021-04-14",5.64595156583462,837.299203127095,-0.0143553597895547,5.47368724835996,5.54314494115013,5.54546404730774,-48.2849047826927
28049,"Hinds","Mississippi",449,"2021-04-14",6.06743303233136,749.368127331049,-0.0198692413820702,5.82900213574652,5.92782079585575,5.92834834265687,-34.8854376083746
28051,"Holmes","Mississippi",449,"2021-04-14",3.25258688221051,643.468927720698,-0.0164278739556177,3.07971591519043,3.13215301214117,3.13759176452119,-42.1933588261381
28057,"Itawamba","Mississippi",449,"2021-04-14",3.61861025826738,-54.9650843887661,0.00725326033337574,3.70616277833702,3.66894399531123,3.66938308060101,95.5635326324139
28059,"Jackson","Mississippi",449,"2021-04-14",5.13327424555436,692.675033513579,-0.0207640957890935,4.91434306676286,4.98717882818503,4.98792557503071,-33.3820064981604
28067,"Jones","Mississippi",449,"2021-04-14",4.61512051684126,590.721250653905,-0.031596644039813,4.25673940150988,4.39573015837596,4.39394400856257,-21.9373671357804
28071,"Lafayette","Mississippi",449,"2021-04-14",5.07517381523383,83.9755888552189,0.0140500943825044,5.22697808917981,5.17318583284177,5.17352447591136,49.3339874942813
28073,"Lamar","Mississippi",449,"2021-04-14",4.54481338544719,-21.8670278675831,0.00975560216452794,4.66188061142153,4.61217923018756,4.61310260059889,71.0511938545708
28075,"Lauderdale","Mississippi",449,"2021-04-14",5.37660028494208,133.883949630961,0.017337381533603,5.58464886334532,5.49528532694083,5.4979619556773,39.9799231052567
28077,"Lawrence","Mississippi",449,"2021-04-14",3.24147565678544,513.486483537948,-0.0475744232192809,2.73488629722257,2.91524148025008,2.90845469425047,-14.5697442797168
28079,"Leake","Mississippi",449,"2021-04-14",3.51367536508885,594.287176206531,-0.023598615601176,3.26338591387003,3.34593984947727,3.34848505588062,-29.3723662554765
28081,"Lee","Mississippi",449,"2021-04-14",4.30599373411057,325.699602762234,0.0362327172223139,4.72113744707115,4.55052751544812,4.55962275466677,19.1304222729691
28083,"Leflore","Mississippi",449,"2021-04-14",3.46126162240481,487.841956106399,-0.0794977369598916,2.5313634508349,2.92749629189353,2.90477746368557,-8.71908065646766
28085,"Lincoln","Mississippi",449,"2021-04-14",4.33822401201549,497.443531298893,-0.0822136491311688,3.40722394096379,3.78829777128794,3.76272846809731,-8.43104749497319
28087,"Lowndes","Mississippi",449,"2021-04-14",4.04305126783455,260.740354928717,0.0220663680327601,4.30867119008905,4.19420013882521,4.19751584406387,31.411928756508
28089,"Madison","Mississippi",449,"2021-04-14",5.21803653528724,831.759967607843,-0.0134568727336094,5.05655406248393,5.12345363498572,5.12383842615197,-51.5087862002862
28091,"Marion","Mississippi",449,"2021-04-14",3.23587340123677,350.211081049905,0.0341934170016265,3.61728461981188,3.46930074346036,3.47522732024816,20.2713633599992
28093,"Marshall","Mississippi",449,"2021-04-14",4.61794537747681,535.164367564667,-0.0506551572817209,4.01008349009616,4.27424096069888,4.26335927650476,-13.6836448203088
28095,"Monroe","Mississippi",449,"2021-04-14",3.18988828799495,641.293112058311,-0.0161231022118482,2.98749978486759,3.07259951006335,3.07702657251201,-42.9909313637285
28099,"Neshoba","Mississippi",449,"2021-04-14",4.12482757894718,713.90262462296,-0.0152437400277578,3.93140056222882,4.00287765872512,4.01812139875287,-45.4709395002651
28101,"Newton","Mississippi",449,"2021-04-14",4.02789946281395,560.710966204242,-0.034703604946938,3.63384800476418,3.78772818577335,3.78497422818538,-19.9733480605191
28105,"Oktibbeha","Mississippi",449,"2021-04-14",4.10852919721406,623.168049478303,-0.0229044781806389,3.82889694177575,3.94849626884861,3.94819784994959,-30.2625178837674
28107,"Panola","Mississippi",449,"2021-04-14",3.68171096463532,376.356573760808,0.0537843522460912,4.28357009093426,4.03732425383504,4.05820143035796,12.8875249326875
28109,"Pearl River","Mississippi",449,"2021-04-14",4.58204776856724,544.16924491964,-0.0462161512293001,4.07484315697928,4.26638578000311,4.25853470996214,-14.9979425400639
28113,"Pike","Mississippi",449,"2021-04-14",4.27468002104443,652.858565465061,-0.0203992887303668,4.0157747159676,4.12922016614126,4.13188499993186,-33.9789876853947
28115,"Pontotoc","Mississippi",449,"2021-04-14",3.23587340123677,-379.090548931164,0.00395158390677032,3.29993037385238,3.26748607249093,3.26353448858416,175.409961401139
28117,"Prentiss","Mississippi",449,"2021-04-14",3.12926366617852,191.832709246497,0.0124421154213412,3.28679992209807,3.21622180734238,3.21635847412791,55.7097532925177
28121,"Rankin","Mississippi",449,"2021-04-14",5.35523765680072,988.488068049682,-0.00983536273987197,5.23721330392226,5.28193834796521,5.28639011762162,-70.4749991324639
28123,"Scott","Mississippi",449,"2021-04-14",4.30213272545312,549.824562148743,-0.0409611948312827,3.84316617013447,4.02166629373407,4.01540436163414,-16.9220449602358
28127,"Simpson","Mississippi",449,"2021-04-14",3.93182563272433,636.146807830043,-0.0204626122969584,3.68627428516083,3.78479178683387,3.78858734664562,-33.8738363656031
28129,"Smith","Mississippi",449,"2021-04-14",3.06472514504094,-647.388538717003,0.00281902029004484,3.11047467844616,3.0872773073613,3.08445828707125,245.882295706683
28131,"Stone","Mississippi",449,"2021-04-14",3.38196601973427,345.185093255556,0.0340503316610265,3.77328432763404,3.61475953492743,3.62031834136146,20.3565471097397
28133,"Sunflower","Mississippi",449,"2021-04-14",3.87713574642771,-208.809439606334,0.00599751288572318,3.98720318058939,3.91918111399368,3.91911833662777,115.572437069698
28137,"Tate","Mississippi",449,"2021-04-14",4.18965474202643,618.235732206398,-0.0240582945846786,3.90311503758254,4.02071888275919,4.02124667993368,-28.8111519343259
28139,"Tippah","Mississippi",449,"2021-04-14",3.16003532484527,323.501497988651,0.0262311856021616,3.47559279826808,3.34534370074644,3.3436536240604,26.4245463805046
28141,"Tishomingo","Mississippi",449,"2021-04-14",4.1155467698727,523.797095880678,-0.0521369983148901,3.53473707368534,3.76386304853975,3.75058778166847,-13.294727409767
28145,"Union","Mississippi",449,"2021-04-14",3.65251180994306,324.292034966687,0.0304337104740199,4.00836207494617,3.86590403849794,3.8655477832612,22.7756382565202
28147,"Walthall","Mississippi",449,"2021-04-14",3.32708940950844,498.851061431345,-0.0613323299093509,2.62815543667309,2.90576546363469,2.89776310014298,-11.3014976209842
28149,"Warren","Mississippi",449,"2021-04-14",4.33448568990488,639.962819827259,-0.0221284570960077,4.07081336580809,4.17968116992153,4.17958649023283,-31.3237916928695
28151,"Washington","Mississippi",449,"2021-04-14",3.12926366617852,634.345714394812,-0.0165523751075105,2.95204516347985,3.00926718531699,3.01339704042595,-41.8759952005581
28159,"Winston","Mississippi",449,"2021-04-14",2.99573227355399,519.760105423785,-0.0396359610939404,2.52719305792268,2.72060878390151,2.71828054589641,-17.4878358296177
28161,"Yalobusha","Mississippi",449,"2021-04-14",4.16998197642772,697.207647001577,-0.016446509194329,3.96702378415389,4.0515679874506,4.05485641206742,-42.1455503030974
28163,"Yazoo","Mississippi",449,"2021-04-14",3.91772102654278,582.943060455371,-0.028458439786401,3.61260144227064,3.71806654447925,3.71851194803797,-24.3564716042925
29001,"Adair","Missouri",449,"2021-04-14",3.74106520728451,518.617558125811,-0.0504904486267422,3.16158860168331,3.3963694524709,3.38763206689731,-13.7282832577729
29003,"Andrew","Missouri",449,"2021-04-14",3.3770998300831,114.663368667176,0.0102393459598677,3.49506385699259,3.44921059766541,3.44877525180217,67.6944780727873
29007,"Audrain","Missouri",449,"2021-04-14",3.28519846779927,551.087404517321,-0.0308733221573141,2.93566407276609,3.06979346259106,3.06908521269807,-22.4513311858061
29013,"Bates","Missouri",449,"2021-04-14",3.3722098447889,716.826868116079,-0.0124146720608763,3.23808003232656,3.28264864324726,3.28530714036277,-55.8329029684428
29015,"Benton","Missouri",449,"2021-04-14",3.38196601973427,511.439389084011,-0.0504652695647003,2.79776371462691,3.03486275721617,3.02870913278137,-13.7351328257799
29019,"Boone","Missouri",449,"2021-04-14",5.63733737524805,1165.5948507662,-0.0078123303807701,5.54358941067881,5.57839474306111,5.58265106258266,-88.7247654382505
29021,"Buchanan","Missouri",449,"2021-04-14",4.55387689160054,712.496644385251,-0.0170667777239578,4.37757121666414,4.43374870519599,4.43440944753284,-40.6138283260657
29023,"Butler","Missouri",449,"2021-04-14",4.39797028507102,531.764216764665,-0.0501112007512579,3.79663587605593,4.05677444286944,4.04719187981221,-13.832180633639
29027,"Callaway","Missouri",449,"2021-04-14",4.00473240353241,562.64833045539,-0.0340517049157166,3.63155747842078,3.7681282169034,3.76637046912239,-20.3557261604256
29029,"Camden","Missouri",449,"2021-04-14",3.95672318434605,366.016303495978,0.0508764600065862,4.57805193643167,4.29883197816332,4.31285840439215,13.6241236216163
29031,"Cape Girardeau","Missouri",449,"2021-04-14",3.68171096463532,563.703050005151,-0.0307570355515326,3.31262653801693,3.46402537735228,3.46641171577459,-22.536215474947
29037,"Cass","Missouri",449,"2021-04-14",5.40653095118827,-103.223154342483,0.00992395999083265,5.54970820964204,5.47820058502102,5.4759986711241,69.84582577925
29043,"Christian","Missouri",449,"2021-04-14",4.9708048712983,669.426140872543,-0.0220507029577764,4.70619643580498,4.79439924763609,4.81644995059387,-31.4342441548105
29045,"Clark","Missouri",449,"2021-04-14",3.42936825862885,647.752296359759,-0.016887222706292,3.23816373307014,3.30806379911085,3.31115769968481,-41.0456587572382
29047,"Clay","Missouri",449,"2021-04-14",5.31109255803676,665.544555975075,-0.0240404436341251,5.03754408675657,5.14108513728631,5.14280945259788,-28.832545318591
29051,"Cole","Missouri",449,"2021-04-14",4.46918681011628,152.11425310292,0.0153114253012571,4.65292391373137,4.57683869866357,4.57636678722508,45.2699318921691
29053,"Cooper","Missouri",449,"2021-04-14",3.12926366617852,658.638112603366,-0.0146790037731657,2.97452561949199,3.02425415599174,3.02651063976636,-47.2203148981451
29055,"Crawford","Missouri",449,"2021-04-14",4.93447393313069,-85.8645287234964,0.00931270856159856,5.04622643586987,5.00279001489077,4.99966289306188,74.4302450758713
29065,"Dent","Missouri",449,"2021-04-14",3.65251180994306,367.769674677644,0.0473469846038135,4.17743985462707,3.97412927293362,3.98394070216975,14.639732315796
29069,"Dunklin","Missouri",449,"2021-04-14",4.22160634183303,297.967179813226,0.0290076583802753,4.58416206084942,4.42387817207312,4.42465995049496,23.8953165909894
29071,"Franklin","Missouri",449,"2021-04-14",5.60842467467044,-311.661631806295,0.00742187301645095,5.69748715086785,5.66517705042761,5.6603777857856,93.3924871826222
29073,"Gasconade","Missouri",449,"2021-04-14",3.16607763930123,504.388264794603,-0.0530426587884437,2.566642218865,2.80023257567529,2.79477902778212,-13.0677306981256
29077,"Greene","Missouri",449,"2021-04-14",6.02586597382531,1349.40953791337,-0.00665540368363323,5.94600112962171,5.97537946560584,5.97927814803988,-104.148029707726
29083,"Henry","Missouri",449,"2021-04-14",3.24147565678544,512.071296130286,-0.0485634851072438,2.72301755456702,2.90732898514638,2.90153126103473,-14.2730114823772
29091,"Howell","Missouri",449,"2021-04-14",4.09672268462707,563.57261143805,-0.0343981722391435,3.7003012164605,3.85883766812713,3.85593547895307,-20.1506980004937
29095,"Jackson","Missouri",449,"2021-04-14",6.61204103483309,-557.332430608968,0.00660324267217823,6.69127994689923,6.66044091298574,6.65826373353834,104.970726500847
29097,"Jasper","Missouri",449,"2021-04-14",4.54329478227,624.710703379886,-0.0253507031627436,4.27693496176117,4.36599691651527,4.3658398601308,-27.3423256195363
29099,"Jefferson","Missouri",449,"2021-04-14",6.82313066180349,123.74838658212,0.0213055309510661,7.07879703321628,6.97363234695224,6.97226937846095,32.5336731645855
29101,"Johnson","Missouri",449,"2021-04-14",4.13858926401986,502.683167839619,-0.0718728957365627,3.35525445478937,3.64871741754364,3.63547899386392,-9.64406920656923
29103,"Knox","Missouri",449,"2021-04-14",3.26902560855367,-472.006822722473,0.00357020854500706,3.31317788830863,3.29758727691373,3.29401706836872,194.147532790294
29105,"Laclede","Missouri",449,"2021-04-14",3.0513021247088,712.22603521374,-0.011441659944415,2.93165116382131,2.96650287733483,2.9712105050979,-60.5809982054476
29107,"Lafayette","Missouri",449,"2021-04-14",3.71357206670431,550.841500703467,-0.0350373355030219,3.32299347975745,3.47088465342592,3.46831071818316,-19.7831019570584
29109,"Lawrence","Missouri",449,"2021-04-14",3.50512830451039,321.224444656486,0.0282992297022317,3.81404439891196,3.70101868783482,3.70322291242601,24.4934999239673
29111,"Lewis","Missouri",449,"2021-04-14",5.33271879326537,-666.547422568612,0.00480188300372729,5.3903413893101,5.36906131769322,5.36633197429146,144.349035580816
29113,"Lincoln","Missouri",449,"2021-04-14",5.41736943790772,83.8499086377375,0.0150419771307473,5.59787316347669,5.523656492604,5.52266327782295,46.0808558964686
29115,"Linn","Missouri",449,"2021-04-14",3.21314515015922,589.072135556149,-0.0224199592464969,2.98347185601317,3.05651372726479,3.05620543543374,-30.9165227705866
29119,"McDonald","Missouri",449,"2021-04-14",4.28457129852317,495.5611130015,-0.0843217074144839,3.33586059550384,3.73388623242617,3.69431934662178,-8.22026974801134
29121,"Macon","Missouri",449,"2021-04-14",4.12019794104843,562.005084508616,-0.0350413390612059,3.7145601084782,3.87855237087002,3.87490856761999,-19.7808416895611
29123,"Madison","Missouri",449,"2021-04-14",3.18398856586776,368.489038213694,0.0418590691506113,3.66312740084948,3.47036676913404,3.47700204992204,16.5590681929873
29125,"Maries","Missouri",449,"2021-04-14",3.07136968775961,327.477097775639,0.0263647056905603,3.38846849164192,3.2554400832479,3.25592262759353,26.290723237928
29127,"Marion","Missouri",449,"2021-04-14",6.20108854833468,-537.160766591707,0.00632015543168896,6.27693041351495,6.24642329905465,6.2453296363565,109.672489553744
29131,"Miller","Missouri",449,"2021-04-14",3.35739475900376,335.290117524275,0.030883988488843,3.72800262086988,3.57416131741918,3.57358267842566,22.4435772215868
29133,"Mississippi","Missouri",449,"2021-04-14",3.68887945411394,521.658184001723,-0.047924201255364,3.14661602416029,3.36442837970448,3.35341004532639,-14.4634060120587
29137,"Monroe","Missouri",449,"2021-04-14",3.24147565678544,78.1152723351414,0.0087481658681417,3.30579827664974,3.30022491046365,3.30271281786243,79.2334291561832
29139,"Montgomery","Missouri",449,"2021-04-14",3.07136968775961,-521.618623075432,0.00316680971356154,3.09593215171393,3.0967041654681,3.09353735575454,218.878695992252
29143,"New Madrid","Missouri",449,"2021-04-14",3.3322045101752,339.53314885752,0.0317574620060437,3.69869160012085,3.55517361915352,3.55450674421751,21.8262775667664
29145,"Newton","Missouri",449,"2021-04-14",4.42570169817654,574.099676983825,-0.0343111195394362,4.05213213456084,4.18977577659536,4.18552386140049,-20.2018234865015
29147,"Nodaway","Missouri",449,"2021-04-14",3.55942138687705,600.774936047476,-0.0227894495216864,3.29934109705932,3.39722719390298,3.39989524022525,-30.4152664986642
29151,"Osage","Missouri",449,"2021-04-14",3.11668488397165,587.762972988144,-0.0219863189063488,2.89698274416595,2.95960366467836,2.96278065162721,-31.5262952162397
29157,"Perry","Missouri",449,"2021-04-14",3.38196601973427,580.340902708411,-0.0248879816825287,3.09459410899601,3.20684413096052,3.20775014795657,-27.8506786689951
29159,"Pettis","Missouri",449,"2021-04-14",3.63758615972639,369.313869053557,0.0481720591831486,4.17584943031022,3.95691922087459,3.97479057400843,14.3889879800368
29161,"Phelps","Missouri",449,"2021-04-14",4.84643427841549,886.184922165397,-0.0109601979522104,4.71491190298896,4.76880303065132,4.76971289275002,-63.2422136518215
29163,"Pike","Missouri",449,"2021-04-14",3.66721795733276,334.173396392211,0.0331756254498028,4.04167377111359,3.89544395768942,3.89944733548138,20.8932664015251
29165,"Platte","Missouri",449,"2021-04-14",4.63334106295479,686.253292356736,-0.0192592235925245,4.43449964041328,4.4957965761658,4.49852649780712,-35.9904010268094
29167,"Polk","Missouri",449,"2021-04-14",3.14168618617707,495.147414478819,-0.0629702866003825,2.46512390939519,2.70938285735616,2.70089417997439,-11.0075278036885
29169,"Pulaski","Missouri",449,"2021-04-14",3.14784005175145,-350.567511304578,0.00397815978257061,3.20865443539994,3.17966533001202,3.17568717022944,174.238144882166
29173,"Ralls","Missouri",449,"2021-04-14",4.04555439805267,-135.407528007039,0.0069729469192542,4.12385330044042,4.09632543158316,4.09436502648745,99.4051996360359
29175,"Randolph","Missouri",449,"2021-04-14",4.08236837117539,-103.918211984174,0.00743068144443883,4.16057386819417,4.13698289546123,4.13438314128646,93.2817784940439
29177,"Ray","Missouri",449,"2021-04-14",3.89763426797605,615.075512233635,-0.0229163475503846,3.64542972510144,3.7372271274749,3.73721983512336,-30.2468436139733
29181,"Ripley","Missouri",449,"2021-04-14",3.52636052461616,310.554514323478,0.0263929860649242,3.83874067666659,3.71197111113039,3.71111142707063,26.262552439306
29183,"St. Charles","Missouri",449,"2021-04-14",7.22755874814496,-539.768571182773,0.00734680793822815,7.3157204434037,7.27967068440297,7.27898640371256,94.3467130742925
29186,"Ste. Genevieve","Missouri",449,"2021-04-14",3.55942138687705,162.362247918514,0.0126740185294619,3.7215703108303,3.64854344252093,3.64813951658328,54.6904029648261
29187,"St. Francois","Missouri",449,"2021-04-14",4.38381075646738,855.53621937712,-0.0106523084726358,4.25598305479575,4.30746546136678,4.30924459715893,-65.0701378335541
29189,"St. Louis","Missouri",449,"2021-04-14",8.10249992020043,-137.626677655479,0.0139307570155849,8.26966900438745,8.19829579530963,8.20001521930952,49.7566054583029
29201,"Scott","Missouri",449,"2021-04-14",4.06044301054642,594.73864729978,-0.0269369739166576,3.73719932354653,3.87168028141023,3.87188419312982,-25.7321844207344
29205,"Shelby","Missouri",449,"2021-04-14",4.30983989269805,652.812536466651,-0.0207032504772998,4.07465923954177,4.16510733646793,4.16491713935695,-33.4801137299648
29209,"Stone","Missouri",449,"2021-04-14",3.66721795733276,549.614276468869,-0.0346397748344529,3.24277745817183,3.42594589043027,3.42473953349159,-20.010152602682
29213,"Taney","Missouri",449,"2021-04-14",4.01509519056796,238.938403675611,0.0196323379659442,4.26142661846777,4.15131980739267,4.15252155632957,35.3064001731394
29217,"Vernon","Missouri",449,"2021-04-14",4.19612725653204,267.583415204692,0.0237853332293033,4.48155125528368,4.36246971482047,4.36262458913716,29.1417897692513
29219,"Warren","Missouri",449,"2021-04-14",4.62076228074793,142.993937737893,0.0153440368542192,4.8027765549438,4.72935003281303,4.72817053872746,45.1737171348979
29221,"Washington","Missouri",449,"2021-04-14",3.07797037179096,349.819970591697,0.0326193572316337,3.4635243101348,3.30547729557649,3.3063058724124,21.2495658831604
29225,"Webster","Missouri",449,"2021-04-14",4.00212484012533,156.637185415872,0.0139354225029459,4.17174730290086,4.10046742658784,4.09967279764595,49.7399472756149
29510,"St. Louis city","Missouri",449,"2021-04-14",6.74220655420251,51.2156017287974,0.0171651587585393,6.94818845930498,6.85909114570317,6.86236266551228,40.3810527074281
30003,"Big Horn","Montana",449,"2021-04-14",4.95179479407332,560.080161543448,-0.0426584071578838,4.43989390817871,4.66650680455216,4.65318594396813,-16.2487825200441
30007,"Broadwater","Montana",449,"2021-04-14",3.55534806148941,285.00594449811,0.0223063012632066,3.81424491624262,3.71317918439233,3.71149217033186,31.0740526804983
30013,"Cascade","Montana",449,"2021-04-14",5.99716256822262,-389.384478641353,0.00719615342248713,6.08351640929247,6.05010462948937,6.04753564218003,96.3219014194365
30017,"Custer","Montana",449,"2021-04-14",3.06472514504094,745.784831219596,-0.0101328168907405,2.93633663246231,2.99030715263369,2.99379542680576,-68.4061685939823
30029,"Flathead","Montana",449,"2021-04-14",5.14416668672078,1062.06218890091,-0.00834131696271778,5.05535681674104,5.08242369253008,5.08577746798176,-83.0980507823914
30031,"Gallatin","Montana",449,"2021-04-14",6.85661234922911,194.945385754867,0.027530557384014,7.18697903783728,7.04585959420326,7.04932625091721,25.1773754846835
30047,"Lake","Montana",449,"2021-04-14",3.53472877428668,831.552665722232,-0.0091277788924486,3.42796169518219,3.46586455329575,3.47083432203954,-75.9382089254359
30049,"Lewis and Clark","Montana",449,"2021-04-14",4.93652732194253,1168.34633438806,-0.00681514779268261,4.85474554843034,4.88610031113374,4.88882128739375,-101.706845052454
30053,"Lincoln","Montana",449,"2021-04-14",4.08957128346944,-159.206541164811,0.00674439368166786,4.14919510915268,4.14352643292278,4.13678203924112,102.773831611285
30063,"Missoula","Montana",449,"2021-04-14",5.79649187276047,632.596150076373,-0.0307349427356453,5.42767255993273,5.5885133969679,5.58134727361095,-22.5524149018849
30067,"Park","Montana",449,"2021-04-14",4.01251454397447,912.318752883025,-0.00863487688417634,3.94025625108581,3.94859017948972,3.95207040578524,-80.2729662341981
30081,"Ravalli","Montana",449,"2021-04-14",4.89356628917353,583.185550219094,-0.0352384549443455,4.48182228096732,4.65153801585037,4.64689710456311,-19.6701921708736
30083,"Richland","Montana",449,"2021-04-14",3.64507683145554,389.61231834345,0.0652090545701171,4.32907795592555,4.05640121084762,4.10154021344636,10.6296155515432
30085,"Roosevelt","Montana",449,"2021-04-14",3.09751496786393,367.997224423545,0.0403794606167648,3.55350461055547,3.38107184182427,3.38017119218128,17.165835550368
30093,"Silver Bow","Montana",449,"2021-04-14",4.83741505154865,571.977608363977,-0.0377989174308581,4.38382804237835,4.57932774600068,4.57282262953264,-18.3377521810738
30111,"Yellowstone","Montana",449,"2021-04-14",5.75483764545649,-182.474365497741,0.0091860704322422,5.8650704906434,5.81923523721317,5.81914013848219,75.4563320271383
31001,"Adams","Nebraska",449,"2021-04-14",4.36218829245422,-124.794772794045,0.00766917788471612,4.45421842707081,4.4198920764444,4.41587253764723,90.3808975328785
31003,"Antelope","Nebraska",449,"2021-04-14",3.23023958351852,394.971108329319,0.0643154189810079,3.92509873774638,3.66847963061694,3.68044751638558,10.777309571203
31011,"Boone","Nebraska",449,"2021-04-14",3.65620867182439,66.5950475607522,0.00969156239865262,3.77394239490933,3.72633372973575,3.72404960861496,71.5206849059044
31019,"Buffalo","Nebraska",449,"2021-04-14",4.93652732194253,302.068221660466,0.0346894348784927,5.33980640043984,5.17748520523667,5.17935336609198,19.9815068474838
31025,"Cass","Nebraska",449,"2021-04-14",5.13243143050236,207.130432085592,0.0216318536369782,5.38351006782248,5.28590283255918,5.28385440596121,32.0428934196862
31031,"Cherry","Nebraska",449,"2021-04-14",3.22457384598284,554.301967794155,-0.029302254771441,2.88046930483831,3.01816884403898,3.01945806258275,-23.6550799918479
31037,"Colfax","Nebraska",449,"2021-04-14",3.12926366617852,236.330391877909,0.015108106407161,3.31879181392791,3.23754973522894,3.23502041102865,45.8791566513858
31039,"Cuming","Nebraska",449,"2021-04-14",3.45225255246244,545.270519669401,-0.0341630515607261,3.04975336631857,3.21450744201312,3.21311119153736,-20.2893813314027
31043,"Dakota","Nebraska",449,"2021-04-14",4.28653786749521,163.97029086612,0.0153074396311495,4.470227143069,4.39514948768562,4.39368994491326,45.2817190374179
31047,"Dawson","Nebraska",449,"2021-04-14",3.81299162482197,560.701844814,-0.0328839016126091,3.44300516352224,3.58403224642796,3.58280431353371,-21.0786173953933
31053,"Dodge","Nebraska",449,"2021-04-14",4.79579054559674,866.617189670896,-0.0113478359678918,4.65961651398204,4.71440863213832,4.7163556938215,-61.0818822655858
31055,"Douglas","Nebraska",449,"2021-04-14",8.07059353994952,96.898727388988,0.0232514086717107,8.34961044401005,8.23315511621355,8.2333534006515,29.8109757712562
31067,"Gage","Nebraska",449,"2021-04-14",3.70657903121334,742.681601355547,-0.0125428086910162,3.59579248103679,3.6167078615525,3.61877937037623,-55.2625171630349
31079,"Hall","Nebraska",449,"2021-04-14",5.05259949319529,541.681534433481,-0.0517252264975014,4.43189677522527,4.69818597637653,4.69052290771278,-13.400563467681
31089,"Holt","Nebraska",449,"2021-04-14",3.73426245996176,276.981266038861,0.0223023058992359,3.99253056649527,3.8919905138982,3.89037860125641,31.0796194658819
31095,"Jefferson","Nebraska",449,"2021-04-14",3.11668488397165,351.251544099488,0.0337396132114186,3.5341723865766,3.35444467802847,3.35286217645158,20.544016797601
31109,"Lancaster","Nebraska",449,"2021-04-14",6.99183378788713,1846.2014268895,-0.00498632625370886,6.93199787284262,6.95509030870048,6.95692950411117,-139.009592491943
31111,"Lincoln","Nebraska",449,"2021-04-14",4.36944785246702,238.270562057776,0.0210699088641228,4.58753941447933,4.51791512329731,4.51693721451588,32.8974930565654
31119,"Madison","Nebraska",449,"2021-04-14",3.02390315052069,470.386335868802,-0.120559640376023,1.73441147867149,2.21357670733976,2.17998566788853,-5.74941314023526
31127,"Nemaha","Nebraska",449,"2021-04-14",3.55534806148941,-3.26909487677191,0.00801973398333424,3.68321596767841,3.61541594810456,3.61148619937275,86.4301960639056
31131,"Otoe","Nebraska",449,"2021-04-14",3.91202300542815,328.067406276808,0.033743944474914,4.31695033912712,4.14708730222702,4.14823061675255,20.5413798340987
31137,"Phelps","Nebraska",449,"2021-04-14",3.47019025314911,260.71652879575,0.0189334599042046,3.69739177199956,3.60372023169608,3.60272447247854,36.6096415587526
31141,"Platte","Nebraska",449,"2021-04-14",4.96583715119636,686.414872880787,-0.0207103855615494,4.7719808564765,4.82085465802479,4.82086445226551,-33.4685792545954
31147,"Richardson","Nebraska",449,"2021-04-14",3.22457384598284,497.009959987259,-0.06124886206382,2.51181338250241,2.80054091726408,2.7958318115361,-11.3168989137741
31151,"Saline","Nebraska",449,"2021-04-14",3.88008995832514,35.8631992382954,0.00954378912726707,4.00969703107433,3.95052309431519,3.94689648221601,72.6280905117224
31153,"Sarpy","Nebraska",449,"2021-04-14",7.08864724296649,174.694453046769,0.0263219503763045,7.40451064748214,7.27080669061804,7.27290089560062,26.3334278292663
31155,"Saunders","Nebraska",449,"2021-04-14",4.50928841428481,68.1306443049763,0.0119479588653317,4.63424710696683,4.59697938440855,4.59292412634213,58.0138572933315
31157,"Scotts Bluff","Nebraska",449,"2021-04-14",4.06290303638728,517.30257358647,-0.0564147284166072,3.45836804011978,3.67811805470051,3.66799993747103,-12.2866350687935
31159,"Seward","Nebraska",449,"2021-04-14",4.03802613163188,251.243027092591,0.0209791361251476,4.2956244071977,4.18550228356431,4.18488008450791,33.0398342631979
31177,"Washington","Nebraska",449,"2021-04-14",4.5155580272984,354.187008396128,0.0499444670811164,5.08499560758954,4.86052557366293,4.86516929686622,13.878357725475
31179,"Wayne","Nebraska",449,"2021-04-14",3.23587340123677,768.591438720578,-0.0100511455373037,3.14190204429569,3.16106649248701,3.16551538247564,-68.9620081599062
31181,"Webster","Nebraska",449,"2021-04-14",3.76782265645406,482.82796418089,-0.0970388928685691,2.60335594203123,3.12998118777061,3.08855040637408,-7.14298319024264
31185,"York","Nebraska",449,"2021-04-14",3.19575340744735,491.394187797836,-0.0689816363462792,2.44154899144221,2.72259258525278,2.7128819530234,-10.0482855622681
32001,"Churchill","Nevada",449,"2021-04-14",3.74444930526875,213.718190443008,0.0162821864741084,3.94487760249136,3.86110114500584,3.85842461058751,42.5708906885554
32003,"Clark","Nevada",449,"2021-04-14",8.58263309190364,169.872590727397,0.0313089198729805,8.9583401303794,8.79166005595629,8.8017955310145,22.1389681717551
32005,"Douglas","Nevada",449,"2021-04-14",4.72612279640575,-23.0080511364374,0.010120002824159,4.84756283029566,4.79818256952876,4.79696281617486,68.4927852890739
32007,"Elko","Nevada",449,"2021-04-14",4.3658246600976,1085.2366172846,-0.00684033293709138,4.30418795843583,4.31291523372505,4.31794232953796,-101.332374744713
32013,"Humboldt","Nevada",449,"2021-04-14",3.68530163276605,282.267273223983,0.0228904272851788,3.97681634932225,3.85034137561419,3.8455346237623,30.281094010366
32019,"Lyon","Nevada",449,"2021-04-14",5.02856876196973,154.86901711655,0.0173887709368551,5.23629768335035,5.1497454615911,5.15029015852772,39.8617695912502
32023,"Nye","Nevada",449,"2021-04-14",3.16607763930123,516.175798196564,-0.0446239242111094,2.68528025806647,2.85615375647034,2.85371016982346,-15.5330843894581
32031,"Washoe","Nevada",449,"2021-04-14",6.81297353096171,-628.70700291461,0.0063511970299909,6.8891878953216,6.86063696649109,6.85743191017165,109.136463140231
32510,"Carson City","Nevada",449,"2021-04-14",5.56452040732269,116.995841411018,0.0170660731835904,5.78546978002105,5.68560467036394,5.68398291960782,40.6155049907104
33001,"Belknap","New Hampshire",449,"2021-04-14",5.71278940921299,327.383945249036,0.0489880181713638,6.30064562726936,6.04789595619076,6.05570553641254,14.1493207203293
33003,"Carroll","New Hampshire",449,"2021-04-14",5.52203218323054,246.90061063249,0.0280164854947075,5.85823000916703,5.71778104403567,5.71814758169349,24.7406899302514
33005,"Cheshire","New Hampshire",449,"2021-04-14",5.6757748496693,2091.07965092647,-0.00344596258382326,5.63442329866342,5.64918610159769,5.65165311158254,-201.147622383904
33007,"Coos","New Hampshire",449,"2021-04-14",4.95280438527468,98.52458140718,0.0143361991004984,5.12483877448066,5.0542891137835,5.05315777897817,48.3494387669218
33009,"Grafton","New Hampshire",449,"2021-04-14",6.04635849421543,271.083732444687,0.0349669732044227,6.4659621726685,6.28925072549274,6.29112730664639,19.8229105078009
33011,"Hillsborough","New Hampshire",449,"2021-04-14",7.94894021008515,-77.3092593277115,0.0152480318886648,8.13191659274913,8.05654888428106,8.0556764333058,45.4581408027632
33013,"Merrimack","New Hampshire",449,"2021-04-14",6.62747432201067,-9.26045115633259,0.0146217793877737,6.80293567466395,6.73131676692356,6.72982677772509,47.4051182265501
33015,"Rockingham","New Hampshire",449,"2021-04-14",7.71531474121989,-239.218464319799,0.0112926027971172,7.8508259747853,7.79676092808835,7.79436296079971,61.3806394338861
33017,"Strafford","New Hampshire",449,"2021-04-14",6.97113241168345,148.813070884391,0.023615992864485,7.25452432605727,7.13562917203268,7.13644436173484,29.3507533025359
33019,"Sullivan","New Hampshire",449,"2021-04-14",4.76095218754743,259.303970129154,0.0257772307876713,5.07027895699949,4.94241629469587,4.94139280306113,26.8899008690826
34001,"Atlantic","New Jersey",449,"2021-04-14",7.90770415298509,2776.11515935894,-0.00339078630883681,7.86701471727905,7.88147093078841,7.88396864882323,-204.420779555915
34003,"Bergen","New Jersey",449,"2021-04-14",9.22257945363421,1509.82892447017,-0.00865296413138611,9.11874388405758,9.16473552452373,9.16200870471451,-80.1051720584112
34005,"Burlington","New Jersey",449,"2021-04-14",8.2380082492184,-1767.11943170164,0.00372571835383789,8.28271686946445,8.26633976644494,8.26408827769527,186.043902069497
34007,"Camden","New Jersey",449,"2021-04-14",8.31671930198334,-1198.04519265038,0.00506485408514216,8.37749755100505,8.35244347309151,8.35217328057934,136.854323719474
34009,"Cape May","New Jersey",449,"2021-04-14",6.5828162781746,908.411428618574,-0.014174535492711,6.41272185226207,6.48841596345406,6.48359452972562,-48.9008744530912
34011,"Cumberland","New Jersey",449,"2021-04-14",6.69721059895871,-335.174511037569,0.00859526396729858,6.80035376656629,6.75676095379527,6.7573774467298,80.6429195423297
34013,"Essex","New Jersey",449,"2021-04-14",9.15809926013049,3867.38750074421,-0.00267515706537446,9.125997375346,9.13710432109754,9.13937316067287,-259.105227701059
34015,"Gloucester","New Jersey",449,"2021-04-14",7.76605363592206,-842.178435668422,0.00603808415734017,7.83851064581014,7.80822350693534,7.80832022502344,114.795879371327
34017,"Hudson","New Jersey",449,"2021-04-14",8.96688477792149,1582.0399090506,-0.00787923578655695,8.8723339484828,8.91456343482499,8.91173012741559,-87.9713717594984
34019,"Hunterdon","New Jersey",449,"2021-04-14",7.1109293319351,-1082.02945158252,0.00465975890869008,7.16684643883938,7.14692408038953,7.14354764429593,148.751726031851
34021,"Mercer","New Jersey",449,"2021-04-14",7.78898122130534,2936.20525841974,-0.003125336966123,7.75147717771186,7.76551607762379,7.76710386254248,-221.78318308499
34023,"Middlesex","New Jersey",449,"2021-04-14",9.04790547256123,2813.96472783216,-0.00381773845252012,9.00209261113099,9.02063524270522,9.02118130339359,-181.559629917129
34025,"Monmouth","New Jersey",449,"2021-04-14",8.91868852562644,1315.92955889278,-0.0102286800976811,8.79594436445427,8.85081690694233,8.84708776494267,-67.7650658677934
34027,"Morris","New Jersey",449,"2021-04-14",8.50552538654856,1123.65181856892,-0.0125145334039683,8.35535098570094,8.42158105107277,8.41792365272078,-55.387377074734
34029,"Ocean","New Jersey",449,"2021-04-14",8.85879510585745,1665.34735778096,-0.00725329698338466,8.77175554205683,8.81056787698518,8.80802202697376,-95.5630497617508
34031,"Passaic","New Jersey",449,"2021-04-14",8.69553063167132,-2133.07932393113,0.00337418043399881,8.73602079687931,8.72123239434371,8.71914989470931,205.426827082416
34033,"Salem","New Jersey",449,"2021-04-14",6.18444339837592,1345.75689744345,-0.0068582157961966,6.10214480882156,6.13603498825065,6.13643588780254,-101.068149670115
34035,"Somerset","New Jersey",449,"2021-04-14",7.98192849434465,1442.51624452883,-0.00799378932298805,7.88600302246879,7.92783526022665,7.92597196908373,-86.7107140998368
34037,"Sussex","New Jersey",449,"2021-04-14",7.6851122968339,2719.96350637608,-0.00337664126656871,7.64459260163507,7.65921476218405,7.66147580796792,-205.277115879209
34039,"Union","New Jersey",449,"2021-04-14",8.64530995133926,2703.72151223679,-0.00382582982218092,8.59939999347309,8.61831632351668,8.61852914258399,-181.17564365809
34041,"Warren","New Jersey",449,"2021-04-14",6.96346025614215,1696.98981114072,-0.00555747556303161,6.89677054938577,6.92533086539734,6.92455792720093,-124.723387930082
35001,"Bernalillo","New Mexico",449,"2021-04-14",7.30480411705914,-639.120440860063,0.00674422145634947,7.38573477453533,7.352785421289,7.35201366725359,102.776456118203
35005,"Chaves","New Mexico",449,"2021-04-14",4.2257904483556,-149.968325154286,0.00709494786024879,4.29931367193195,4.27836592471502,4.27545508337734,97.6958808173171
35006,"Cibola","New Mexico",449,"2021-04-14",3.64880123054653,288.049069336692,0.0233609221423844,3.92348861496655,3.80932173184486,3.81232768554322,29.6712251483578
35009,"Curry","New Mexico",449,"2021-04-14",3.99688922607139,520.816576116797,-0.0528091506382267,3.42290833200601,3.63796980544061,3.6272251716038,-13.1255127602488
35013,"Doña Ana","New Mexico",449,"2021-04-14",6.48332576360178,803.393414684239,-0.0180396342801606,6.26685015223985,6.35911530121146,6.35704832364066,-38.423571664213
35015,"Eddy","New Mexico",449,"2021-04-14",4.57618264911484,589.901121253596,-0.0314593992267454,4.21244883042572,4.360612459943,4.35596685452762,-22.0330711201459
35017,"Grant","New Mexico",449,"2021-04-14",4.25459902498738,156.869021437126,0.0148176245080979,4.43241051908456,4.35677973794695,4.35832239654407,46.778562932347
35025,"Lea","New Mexico",449,"2021-04-14",4.65531996967356,563.853342616246,-0.03884180339116,4.18921832897964,4.38974593866314,4.38342734593544,-17.8453913063599
35027,"Lincoln","New Mexico",449,"2021-04-14",3.24147565678544,319.009352153297,0.0257680666840765,3.5299841488087,3.41928968363183,3.42185212357398,26.8994639395387
35029,"Luna","New Mexico",449,"2021-04-14",4.31748811353631,550.252009959724,-0.0407843765459396,3.84400946440905,4.0359132800867,4.03199747771473,-16.9954094990071
35031,"McKinley","New Mexico",449,"2021-04-14",4.01766919456313,44.5966744536862,0.01011887696335,4.16293963351619,4.09087823611632,4.08850133330658,68.5004060302821
35035,"Otero","New Mexico",449,"2021-04-14",5.03695260241363,599.750091192397,-0.0324540556446268,4.66527345847824,4.8146481140996,4.80977421290124,-21.3577984874967
35039,"Rio Arriba","New Mexico",449,"2021-04-14",4.16777203077692,369.524213279315,0.0559614367876073,4.83930927222821,4.53246660550681,4.55950208829017,12.3861576891007
35041,"Roosevelt","New Mexico",449,"2021-04-14",2.99573227355399,575.878942932308,-0.0227960664886946,2.73276835367932,2.83456594929503,2.83615980813313,-30.4064379222487
35043,"Sandoval","New Mexico",449,"2021-04-14",5.99787254340331,2085.58884122942,-0.00365369963096934,5.95402814783168,5.96899774501105,5.97229664598652,-189.711046492361
35045,"San Juan","New Mexico",449,"2021-04-14",5.66840199739669,312.456925408788,0.0429715907598645,6.16827425774627,5.95637932006925,5.96920313271574,16.1303588790421
35047,"San Miguel","New Mexico",449,"2021-04-14",3.04452243772342,478.294483719905,-0.0912397724491805,2.03414362147609,2.45407038627432,2.40584403057916,-7.5969849765465
35049,"Santa Fe","New Mexico",449,"2021-04-14",5.13158790451392,1113.68982632393,-0.00766263380867268,5.03963629880985,5.07701520257322,5.07794946785321,-90.4580850223367
35055,"Taos","New Mexico",449,"2021-04-14",3.47019025314911,338.645919661489,0.0326113047997091,3.82706968340875,3.69025869702652,3.69846938674707,21.2548128575992
35061,"Valencia","New Mexico",449,"2021-04-14",5.20792365252353,1332.93425051752,-0.00585861513322452,5.13762027092484,5.1633975673595,5.16691334659096,-118.312462040572
36001,"Albany","New York",449,"2021-04-14",7.20446788174819,-1329.17596394126,0.00406303042013649,7.25322424678983,7.2361223268852,7.23290909468915,170.598570250591
36003,"Allegany","New York",449,"2021-04-14",4.97771847908311,286.217217606038,0.0315479192568326,5.3562935101651,5.19911484617144,5.19855391388094,21.9712487190364
36007,"Broome","New York",449,"2021-04-14",6.87596971362853,1573.7413419595,-0.00608632211485008,6.80293384825033,6.83228061815652,6.83336545882458,-113.886049321762
36009,"Cattaraugus","New York",449,"2021-04-14",5.8983305690865,212.72496632641,0.0255035335003393,6.20437297109057,6.07654839101805,6.07685530358888,27.1784762903824
36011,"Cayuga","New York",449,"2021-04-14",5.51458015677002,298.628353531273,0.0379343585267596,5.96979245909114,5.77874224775416,5.78012066645734,18.2722789439285
36013,"Chautauqua","New York",449,"2021-04-14",6.21203335804972,-346.278792449246,0.00786254979924588,6.30795695851105,6.2694763251189,6.26707120664444,88.1580655459157
36015,"Chemung","New York",449,"2021-04-14",5.99075000617011,-0.974903580662552,0.0134631188365079,6.15230743220821,6.08586712656016,6.08499183802567,51.4848891239331
36017,"Chenango","New York",449,"2021-04-14",5.85956447621554,15.0571761346373,0.0136604790899935,6.02349022529546,5.9553096406027,5.95518782984549,50.7410593723384
36019,"Clinton","New York",449,"2021-04-14",6.10861246048198,-523.986224295845,0.00631063986982423,6.18434013891987,6.1549594229703,6.15278693957075,109.837860321326
36021,"Columbia","New York",449,"2021-04-14",5.36129216570943,788.551682829665,-0.0155601973024171,5.17456979808042,5.25541577512112,5.25237078459251,-44.5461691190941
36023,"Cortland","New York",449,"2021-04-14",5.09462624116064,166.316313664028,0.018338968198393,5.31249991130865,5.22277801960399,5.22299901854939,37.7964110663916
36025,"Delaware","New York",449,"2021-04-14",5.77676736741269,1258.90867570729,-0.00708885245625687,5.69170113793761,5.72711436267968,5.72714540021889,-97.7798853675039
36027,"Dutchess","New York",449,"2021-04-14",7.92593192564527,1321.12703474803,-0.00903624174338912,7.8174970247246,7.86498271619334,7.86267823344155,-76.7074631515972
36029,"Erie","New York",449,"2021-04-14",9.12712955590462,16.3089872519312,0.0213404754457185,9.38321526125324,9.27608453972112,9.27651288402465,32.4804000886968
36031,"Essex","New York",449,"2021-04-14",4.28457129852317,14.5163494141547,0.00999289330100736,4.41169901444357,4.35462316745249,4.35452155163022,69.364012972106
36033,"Franklin","New York",449,"2021-04-14",4.77912349311153,982.66524991999,-0.00887215853226358,4.67265759072437,4.71532328915378,4.71701838338568,-78.1261040410085
36035,"Fulton","New York",449,"2021-04-14",5.82220022947068,-483.83464111133,0.00628453091758981,5.90641985948607,5.86738740730392,5.86619194589381,110.294179414392
36037,"Genesee","New York",449,"2021-04-14",5.78908604496747,53.9672272195796,0.0148425631100148,5.96719680228765,5.89196019673154,5.89298398673757,46.6999651894525
36039,"Greene","New York",449,"2021-04-14",5.41610040220442,883.915172438248,-0.012311692666078,5.26836009021148,5.33210443594229,5.32991855354187,-56.2999093105816
36043,"Herkimer","New York",449,"2021-04-14",5.07428055925661,1843.56339835298,-0.00361492266895621,5.01593438332011,5.04625443388218,5.04897610057392,-191.746060437881
36045,"Jefferson","New York",449,"2021-04-14",5.65449218544509,-22.5447497223181,0.0121199353091222,5.79993140915456,5.73937301075289,5.73933173260895,57.190666689305
36049,"Lewis","New York",449,"2021-04-14",5.33271879326537,1006.72436024725,-0.00947660910027467,5.21899948406207,5.26856986058908,5.26638252956345,-73.142953690034
36051,"Livingston","New York",449,"2021-04-14",5.30685226899788,45.01626310096,0.0133009237675789,5.46646335420883,5.39899408197968,5.39995873537093,52.1127098141482
36053,"Madison","New York",449,"2021-04-14",5.48598176775249,145.702734426153,0.0183909891268996,5.70667363727529,5.61398178138645,5.61471869164079,37.6894997749802
36055,"Monroe","New York",449,"2021-04-14",8.37253068946129,125.199894716565,0.026262634643792,8.68768230518679,8.55426653296963,8.55636913196783,26.3929034524262
36057,"Montgomery","New York",449,"2021-04-14",5.96907285679308,40.8557045469923,0.0147851974432,6.13799037569088,6.07263746725799,6.07256923889548,46.8811582140039
36059,"Nassau","New York",449,"2021-04-14",9.50506544133883,1795.77480602384,-0.00703154504654322,9.42068690078031,9.45773130899076,9.45584462601303,-98.5767958495414
36063,"Niagara","New York",449,"2021-04-14",7.39422966045572,254.483014904294,0.0390161845215173,7.86242387471393,7.66145216611097,7.66734295210634,17.7656321103791
36065,"Oneida","New York",449,"2021-04-14",6.63894169083474,-1147.6898998694,0.00417100195922551,6.68899371434545,6.67137469007763,6.66813870454932,166.182415480968
36067,"Onondaga","New York",449,"2021-04-14",7.50478481096544,92.2022964914384,0.0213326714077962,7.76077686785899,7.65414679958884,7.65411351082001,32.4922822514685
36069,"Ontario","New York",449,"2021-04-14",6.33302585323667,225.769637385718,0.0290199116995933,6.68126479363179,6.53425484614206,6.53616523513382,23.8852270721989
36071,"Orange","New York",449,"2021-04-14",8.39889216448268,1067.48151198982,-0.0134709562400301,8.23724068960232,8.30887881775353,8.30459547080247,-51.4549352109242
36073,"Orleans","New York",449,"2021-04-14",5.03880617106295,255.648360293647,0.026667207894484,5.34281882805006,5.22492488497751,5.22547662632434,25.9924917262643
36075,"Oswego","New York",449,"2021-04-14",6.14907861024846,1506.69573416993,-0.00578630214889448,6.07964298446173,6.10856767682526,6.1085744952062,-119.791044906353
36077,"Otsego","New York",449,"2021-04-14",5.94392360233898,1086.51253606738,-0.00927696764152689,5.84924439467415,5.88014014658018,5.87898482884829,-74.7169988453102
36079,"Putnam","New York",449,"2021-04-14",6.87567472837565,1554.5965953852,-0.00619097407370574,6.80138303949118,6.83232342600976,6.83233790985971,-111.960924453532
36083,"Rensselaer","New York",449,"2021-04-14",6.69084227741856,-253.692068221047,0.00958996465945021,6.80592185333196,6.75793281900872,6.75797203003471,72.2783873741286
36087,"Rockland","New York",449,"2021-04-14",8.07153089355666,1344.69490812973,-0.00896144834471977,7.96399351342002,8.01018093599466,8.00880075514362,-77.3476734894487
36089,"St. Lawrence","New York",449,"2021-04-14",5.55129707414801,286.889922016093,0.0351070431754868,5.93695480919096,5.79428509156887,5.79704637637642,19.7438211214532
36091,"Saratoga","New York",449,"2021-04-14",7.16571424998171,-416.688405019788,0.00832556150192004,7.26562098800475,7.22689567519508,7.22399318049515,83.2553072126236
36093,"Schenectady","New York",449,"2021-04-14",6.69914841335882,-375.485244982645,0.00817482493354801,6.7972463125614,6.75730508415304,6.75637218789366,84.7904617156258
36095,"Schoharie","New York",449,"2021-04-14",5.03043792139244,1078.09239437034,-0.00793328853342851,4.9352384589913,4.97533986279552,4.97490490165844,-87.3719867415927
36097,"Schuyler","New York",449,"2021-04-14",4.30599373411057,949.504314741985,-0.00851821361071546,4.20377517078198,4.24552560612389,4.24636623883556,-81.3723642346798
36099,"Seneca","New York",449,"2021-04-14",4.6037405931785,872.037750045666,-0.0107232635921878,4.46128245804042,4.52650154501946,4.52867774803319,-64.6395730740894
36101,"Steuben","New York",449,"2021-04-14",6.04059478949868,163.450136506247,0.0215312697510302,6.29897002651104,6.19119089640024,6.19131367775589,32.1925826286572
36103,"Suffolk","New York",449,"2021-04-14",9.6242365055622,2608.87174167096,-0.004445638196623,9.57088884720272,9.59327881296486,9.59311703818584,-155.916237422666
36105,"Sullivan","New York",449,"2021-04-14",6.61912037177508,-354.650534200332,0.0082878807292136,6.71857494052564,6.6783440806668,6.67713553687958,83.6338266930773
36107,"Tioga","New York",449,"2021-04-14",5.6619679242232,-188.151860703987,0.00893111539223415,5.75299459806965,5.72494010749837,5.72448573196884,77.6103711707337
36109,"Tompkins","New York",449,"2021-04-14",5.6534911843605,705.848101535237,-0.0215907281787175,5.39440244621589,5.50744678358733,5.50235608710948,-32.1039278908249
36111,"Ulster","New York",449,"2021-04-14",7.35883089834235,1308.06724578614,-0.00851650254564065,7.25663286779466,7.30101851332615,7.29921538052287,-81.388712895383
36113,"Warren","New York",449,"2021-04-14",5.6198831333732,1102.43561017484,-0.00851042350883603,5.50144081378069,5.55179974530251,5.56031016881135,-81.4468492478992
36115,"Washington","New York",449,"2021-04-14",5.6021188208797,1140.30464449097,-0.00806528680531289,5.51911322002734,5.54651812851508,5.54566181324251,-85.9420374367027
36117,"Wayne","New York",449,"2021-04-14",6.02240935095741,246.072963255523,0.0304274213872677,6.38753840760462,6.23345432539653,6.23540130066828,22.7803457853971
36119,"Westchester","New York",449,"2021-04-14",9.05787161026467,1613.54273578318,-0.00774479746069227,8.96493404073636,9.00566569008905,9.00365802803982,-89.4984257597343
36121,"Wyoming","New York",449,"2021-04-14",5.28970899201143,99.754159521748,0.0152450174625302,5.43097405904469,5.39642382736887,5.39642411424914,45.4671293269156
36123,"Yates","New York",449,"2021-04-14",3.8859723282282,382.582196964758,0.0628195722591775,4.61207498288243,4.30921906784374,4.32570933404244,11.0339366479637
37001,"Alamance","North Carolina",449,"2021-04-14",6.66422678800366,1492.27119194274,-0.00635734992931839,6.58793858885184,6.61900180628737,6.61972533849843,-109.030836475327
37003,"Alexander","North Carolina",449,"2021-04-14",5.295456134267,226.801083186269,0.0243779001874191,5.58738831714971,5.46361746659518,5.46610143557893,28.4334243405288
37005,"Alleghany","North Carolina",449,"2021-04-14",3.35739475900376,375.854614972801,0.0486841780220943,3.90181219231345,3.69058734728192,3.69818400515842,14.2376272686657
37007,"Anson","North Carolina",449,"2021-04-14",4.00992722040952,-58.9496679350684,0.00797282009723328,4.10560106157632,4.06851496431028,4.06573696109015,86.9387709877563
37009,"Ashe","North Carolina",449,"2021-04-14",4.33635659784069,1104.31968623456,-0.00663865910190842,4.30397338596748,4.28697867263828,4.28988598412733,-104.410720586735
37011,"Avery","North Carolina",449,"2021-04-14",4.39268392914787,-127.92050592875,0.0077272022963505,4.51207187429879,4.44918709745518,4.44677434522232,89.7022174360976
37013,"Beaufort","North Carolina",449,"2021-04-14",3.79388276312392,488.97553505633,-0.0866032009738048,2.8557868897021,3.2473682746044,3.18766035630729,-8.00371317417707
37015,"Bertie","North Carolina",449,"2021-04-14",3.17805383034795,175.594535915322,0.0118724661726968,3.32910438698469,3.2610573686828,3.26116109355683,58.3827463037107
37017,"Bladen","North Carolina",449,"2021-04-14",4.30599373411057,631.810181711112,-0.0230230918963681,4.0476939698521,4.14466713701569,4.14483209083599,-30.1066070395736
37019,"Brunswick","North Carolina",449,"2021-04-14",5.85589025285366,1628.02632734769,-0.00494574328087053,5.79654133348321,5.81673322094484,5.82127004988757,-140.150254713168
37021,"Buncombe","North Carolina",449,"2021-04-14",6.45384994546883,1618.63156385521,-0.00549436107802766,6.3879176125325,6.41348733731294,6.41538941792264,-126.156102723552
37023,"Burke","North Carolina",449,"2021-04-14",5.31671845191893,-250.722197502332,0.00765301363772975,5.40855461557169,5.37161119973721,5.37028954738304,90.5717947688861
37025,"Cabarrus","North Carolina",449,"2021-04-14",6.99785711367932,111.564111932819,0.0210502456710244,7.25046006173161,7.14301450370687,7.14520883337649,32.9282228527176
37027,"Caldwell","North Carolina",449,"2021-04-14",5.31741946842152,870.685597668743,-0.0124621489393455,5.16787368114937,5.23025725997646,5.2301844258461,-55.6201971211836
37031,"Carteret","North Carolina",449,"2021-04-14",5.5356455528542,-351.315809423018,0.00696031122136271,5.61916928751055,5.58737658391318,5.58436773140374,99.5856591056626
37033,"Caswell","North Carolina",449,"2021-04-14",3.95124371858143,925.376237238418,-0.00828047909119992,3.88666011835881,3.89047935161645,3.89328036494303,-83.7085841200405
37035,"Catawba","North Carolina",449,"2021-04-14",6.16841456010002,1613.40430080469,-0.00527483485040667,6.10511654189514,6.1280096037508,6.13149071614717,-131.40642318053
37037,"Chatham","North Carolina",449,"2021-04-14",5.15658920671934,-194.990454597309,0.00806812149258569,5.25227007820468,5.21369920017251,5.21306605716744,85.9118422047712
37039,"Cherokee","North Carolina",449,"2021-04-14",4.90949864955462,-233.740126314252,0.00724392500744187,4.99642574964392,4.9642838200561,4.96020612460671,95.6866864093509
37043,"Clay","North Carolina",449,"2021-04-14",3.10394585819422,266.551302265034,0.0174301919285419,3.30212716213278,3.23048398878666,3.22595720169401,39.7670423482209
37045,"Cleveland","North Carolina",449,"2021-04-14",5.74711559936257,838.255285942537,-0.0145771427911818,5.57218988586839,5.64543424045072,5.6450755998243,-47.5502772037915
37047,"Columbus","North Carolina",449,"2021-04-14",4.7361984483945,654.704043009733,-0.0225940287234579,4.48952485522914,4.57775197612114,4.57804024733029,-30.6783349283917
37049,"Craven","North Carolina",449,"2021-04-14",5.60422519343312,694.859397590908,-0.0223401046452813,5.33614393768974,5.44838626983498,5.44784446091615,-31.027033738911
37051,"Cumberland","North Carolina",449,"2021-04-14",7.11511781973386,-544.079689897327,0.00720095544163366,7.20152928503346,7.16678658118265,7.1655245078253,96.2576683300088
37053,"Currituck","North Carolina",449,"2021-04-14",3.78743112784243,621.010794996553,-0.0213966110254247,3.53067179553733,3.6386591763282,3.63765485066446,-32.395185374745
37055,"Dare","North Carolina",449,"2021-04-14",4.48863636973214,565.850305947601,-0.0371723288926964,4.08339170164754,4.23214393650721,4.22843006748326,-18.6468591344067
37057,"Davidson","North Carolina",449,"2021-04-14",6.40404712298501,-99.0247394817824,0.0117932879616065,6.54556657852429,6.48578471913471,6.48660013871626,58.7747185362142
37059,"Davie","North Carolina",449,"2021-04-14",5.23568179555655,927.029952474789,-0.0108392487230485,5.10561081087997,5.1572980319061,5.15980705449521,-63.9478988138762
37061,"Duplin","North Carolina",449,"2021-04-14",5.10073712879344,-75.6242240071303,0.00981620350463771,5.21853157084909,5.17052544242897,5.1694505533259,70.6125520148869
37063,"Durham","North Carolina",449,"2021-04-14",6.97461253833867,-1166.71167523933,0.00433014340527602,7.02657425920198,7.00778280211719,7.0049235421756,160.074878747754
37065,"Edgecombe","North Carolina",449,"2021-04-14",5.77055065112104,-283.67277805161,0.00793014501184455,5.86571239126318,5.8286322628796,5.82606166620395,87.4066211304652
37067,"Forsyth","North Carolina",449,"2021-04-14",6.97887921147805,186.520458495043,0.0271045970125891,7.30413437562912,7.16161254732653,7.16861139056617,25.5730487429127
37069,"Franklin","North Carolina",449,"2021-04-14",5.9982273420588,-218.301024373517,0.00905664814233472,6.10690711976682,6.06141460202854,6.06162387905514,76.534626239908
37071,"Gaston","North Carolina",449,"2021-04-14",6.72606209614848,118.005055982156,0.0206324123106042,6.97365104387573,6.86824741172569,6.87048898232271,33.5950624737999
37077,"Granville","North Carolina",449,"2021-04-14",5.22112772785691,-121.580991963265,0.00923144130026921,5.33190502346014,5.28645537867616,5.28574781695879,75.085477772548
37079,"Greene","North Carolina",449,"2021-04-14",3.94019388239484,194.13368429004,0.0156743407095624,4.10458185279574,4.0516023660966,4.04991426736178,44.2217757929097
37081,"Guilford","North Carolina",449,"2021-04-14",7.83456195258427,42.7994018439282,0.0195277923028832,8.06889546021887,7.96952513274683,7.97125649870445,35.4954195440518
37083,"Halifax","North Carolina",449,"2021-04-14",5.42557914615896,129.131198696101,0.0172312376573709,5.63235399804741,5.54694167330891,5.54619780976056,40.2261981607249
37085,"Harnett","North Carolina",449,"2021-04-14",6.40923459040652,-286.126579589594,0.00877825129172693,6.51457360590724,6.47024612325752,6.47068234944861,78.9618749252716
37087,"Haywood","North Carolina",449,"2021-04-14",5.19375018690961,304.460076153493,0.0370038342711998,5.60755822748638,5.44932226866738,5.45277702680801,18.7317664293893
37089,"Henderson","North Carolina",449,"2021-04-14",5.82515693701009,-162.521648853453,0.00960420283104776,5.94040737098266,5.89224265454105,5.89238635682742,72.1712351096116
37091,"Hertford","North Carolina",449,"2021-04-14",3.79388276312392,308.652700535315,0.0277088057300354,4.0828176957123,3.98949310229434,3.98784440323417,25.0154116100571
37093,"Hoke","North Carolina",449,"2021-04-14",5.06349878365332,-265.945988017072,0.00711157239113587,5.13417115627352,5.11677144932728,5.11327979039127,97.4674997928602
37097,"Iredell","North Carolina",449,"2021-04-14",6.51238193444076,1266.67525153243,-0.00791610288787693,6.41738869978624,6.45666092487035,6.45696921422562,-87.5616689648465
37099,"Jackson","North Carolina",449,"2021-04-14",4.48380932898382,629.301506005536,-0.0244438792910448,4.2361610937556,4.31530847218849,4.31270217394651,-28.3566766267695
37101,"Johnston","North Carolina",449,"2021-04-14",6.77699555194545,-1554.51658588056,0.00339101291419077,6.81768770691574,6.8034721894379,6.80073264234479,204.407119082104
37103,"Jones","North Carolina",449,"2021-04-14",3.40119738166216,46.7860743162259,0.0084693490788224,3.46577558453117,3.46417889554008,3.46048282521392,81.8418480699018
37105,"Lee","North Carolina",449,"2021-04-14",5.13158790451392,1162.80807528527,-0.00713902372685134,5.0459196197917,5.08036550875517,5.08161473842596,-97.0927128247068
37107,"Lenoir","North Carolina",449,"2021-04-14",4.69003640663133,-340.312595933589,0.00597980503047851,4.76179406699707,4.7352467244689,4.73189504184468,115.91467899489
37109,"Lincoln","North Carolina",449,"2021-04-14",5.79431937570787,197.185982705562,0.0234764598835386,6.07603689431033,5.95479249150313,5.95865459489264,29.5252003069667
37111,"McDowell","North Carolina",449,"2021-04-14",4.40845989174204,662.181993342934,-0.0202370892156009,4.1725233939314,4.26380498445173,4.26680026723283,-34.2513280035151
37113,"Macon","North Carolina",449,"2021-04-14",5.07517381523383,363.09452044975,0.0620539611299984,5.76515301677508,5.48296943155718,5.50955154314382,11.1700714658304
37115,"Madison","North Carolina",449,"2021-04-14",4.38381075646738,323.730689370327,0.036229292623066,4.79202355985365,4.63363976283821,4.63741580482884,19.1322305895269
37117,"Martin","North Carolina",449,"2021-04-14",4.10146202999096,55.0430397286654,0.0105140160857271,4.21566792997707,4.17607289955264,4.17506014259105,65.9260148461156
37119,"Mecklenburg","North Carolina",449,"2021-04-14",8.51114637478564,-185.079009493349,0.0135295348379854,8.67350079284147,8.60554741109789,8.60585311865154,51.2321516489886
37121,"Mitchell","North Carolina",449,"2021-04-14",3.95398720452718,196.491262508501,0.0157369204047657,4.08386834624495,4.06608924563297,4.06414564736054,44.0459227556388
37123,"Montgomery","North Carolina",449,"2021-04-14",4.21740465497933,612.317866168848,-0.0252263317891189,3.94332635654245,4.04259460248488,4.0408203324555,-27.477129308944
37125,"Moore","North Carolina",449,"2021-04-14",5.47406977460652,-872.017906435054,0.00415957089021316,5.52398462528908,5.50614730081718,5.50318677083801,166.639107459574
37127,"Nash","North Carolina",449,"2021-04-14",6.41392723158472,916.325461046031,-0.0135794653487029,6.25097364740029,6.32016167127455,6.3188709741438,-51.0437754919528
37129,"New Hanover","North Carolina",449,"2021-04-14",6.93856156908384,-1262.69518253211,0.00406549549099305,6.98734751497576,6.9695606141608,6.96702003752079,170.49512958398
37131,"Northampton","North Carolina",449,"2021-04-14",4.06535702534885,961.569172827036,-0.00785471244962928,3.9711004759533,4.00496730739046,4.01037403820145,-88.246028738157
37133,"Onslow","North Carolina",449,"2021-04-14",6.22625430305659,174.94595208887,0.0231412771946592,6.5039496293925,6.38650832720858,6.3882432434192,29.9528489602949
37135,"Orange","North Carolina",449,"2021-04-14",5.73472727850562,-220.852502350847,0.00862556320120364,5.83823403692006,5.79585225319683,5.79510622091404,80.3596431202569
37137,"Pamlico","North Carolina",449,"2021-04-14",4.38559170083838,728.932275243006,-0.0153572954562241,4.19150159044634,4.27686784812349,4.27809063264481,-45.1347167563297
37139,"Pasquotank","North Carolina",449,"2021-04-14",4.15664844555826,849.658132363179,-0.0102603889978008,4.03908557019398,4.08347407846495,4.08482572257365,-67.5556434272143
37141,"Pender","North Carolina",449,"2021-04-14",5.22804817070148,843.405580550884,-0.013089572167446,5.07097330469213,5.13551757812744,5.13642116552936,-52.954150960244
37145,"Person","North Carolina",449,"2021-04-14",4.53719720240189,547.232465509056,-0.0441115112599464,4.02440192957542,4.23061659912734,4.22841662358227,-15.7135214995304
37147,"Pitt","North Carolina",449,"2021-04-14",6.21375058800806,224.788064486707,0.0283458588760613,6.5539008945208,6.4070792514117,6.41217160014049,24.4532079126846
37149,"Polk","North Carolina",449,"2021-04-14",3.67086094861126,712.653467949072,-0.0137200971995122,3.52131052685315,3.57195018703922,3.57482026821467,-50.5205736140551
37151,"Randolph","North Carolina",449,"2021-04-14",6.31716468674728,-70.3497478519599,0.0122873457434335,6.46744133382605,6.402486369465,6.40317610695131,56.4114655055079
37153,"Richmond","North Carolina",449,"2021-04-14",4.94875989037817,301.097291411185,0.0346302735563789,5.36432317305472,5.1875940239903,5.19117180527282,20.0156426553052
37155,"Robeson","North Carolina",449,"2021-04-14",5.63478960316925,155.713073063972,0.0195457687348397,5.86933882798733,5.77105716359196,5.77160998431313,35.462774064467
37157,"Rockingham","North Carolina",449,"2021-04-14",5.21958332600553,228.562967819741,0.0242278835406452,5.51031792849327,5.38677991921537,5.38917851079005,28.6094812779296
37159,"Rowan","North Carolina",449,"2021-04-14",6.36818718635049,-213.918336031321,0.00967929731942799,6.48433875418363,6.43478135035305,6.43594226758649,71.6113120286822
37161,"Rutherford","North Carolina",449,"2021-04-14",5.05442431121992,41.5492453426901,0.0125591125193039,5.20513366145157,5.14205299810011,5.14233809885505,55.1907771743066
37163,"Sampson","North Carolina",449,"2021-04-14",5.75257263882563,646.421304039527,-0.0284188102933193,5.4115469153058,5.55823139784382,5.5536409667724,-24.3904362429588
37165,"Scotland","North Carolina",449,"2021-04-14",4.29436569611546,292.20603894448,0.0281407379872141,4.60928294195134,4.49182185059392,4.49135086202596,24.6314499951949
37167,"Stanly","North Carolina",449,"2021-04-14",5.66444746925752,-321.34983556964,0.00740112195234425,5.75326093268565,5.71769517535978,5.71625532292393,93.6543384939626
37169,"Stokes","North Carolina",449,"2021-04-14",4.53719720240189,237.427442236718,0.0217636471078581,4.756936014622,4.68810348218508,4.6895427321569,31.8488522224602
37171,"Surry","North Carolina",449,"2021-04-14",5.72638230657344,-126.975198610322,0.0100291261695967,5.8467318206086,5.79679067550169,5.79658618976062,69.1134171450772
37175,"Transylvania","North Carolina",449,"2021-04-14",4.89142266563028,319.060837502408,0.0391504358429213,5.36122789574534,5.16075947026806,5.16547571653073,17.7047117263516
37179,"Union","North Carolina",449,"2021-04-14",7.0426607271598,-1002.15431564761,0.00486992338988803,7.10109980783846,7.07761760737207,7.07675019088902,142.332255574945
37181,"Vance","North Carolina",449,"2021-04-14",5.27519494912718,-156.455208580961,0.00881806575949914,5.40067030401467,5.33913879117182,5.33692140944367,78.6053539931092
37183,"Wake","North Carolina",449,"2021-04-14",8.58330190772333,-377.812903713701,0.0104443503733467,8.70863411220349,8.65534439893939,8.65641236033676,66.3657533290736
37185,"Warren","North Carolina",449,"2021-04-14",4.08236837117539,41.4246870224879,0.0101238876096408,4.19711387431599,4.15367416631805,4.15323558444287,68.4665029173056
37187,"Washington","North Carolina",449,"2021-04-14",3.17208366336144,343.642126022224,0.0313943843157507,3.52740627655899,3.39284126070308,3.39184435357169,22.0786996039986
37189,"Watauga","North Carolina",449,"2021-04-14",5.25749537202778,609.35764838516,-0.0319652732624503,4.90211913751842,5.04045002410205,5.03373845919063,-21.6843815120513
37191,"Wayne","North Carolina",449,"2021-04-14",5.45593142968852,76.935586848589,0.0148678385389365,5.6358684905919,5.56012279491294,5.56000629946108,46.6205749238332
37193,"Wilkes","North Carolina",449,"2021-04-14",5.17534230418923,1109.43562344,-0.00777737488329082,5.08201380558974,5.11795812517748,5.12090068000619,-89.1235398783626
37195,"Wilson","North Carolina",449,"2021-04-14",5.99110734046014,1612.66665920189,-0.00512644670170673,5.92958998003966,5.95188052548552,5.95522221354819,-135.210062815864
37197,"Yadkin","North Carolina",449,"2021-04-14",4.2257904483556,170.898672310919,0.0154071846914688,4.39260881148864,4.33432631406199,4.33364074119588,44.9885682842337
37199,"Yancey","North Carolina",449,"2021-04-14",3.85620822632175,838.233609088079,-0.00985628828883519,3.76740464485404,3.78638053761071,3.7872142082999,-70.3253760693176
38003,"Barnes","North Dakota",449,"2021-04-14",3.68171096463532,273.015601055983,0.0215324379731321,3.94010022031291,3.83582114991471,3.83243803044724,32.190836050467
38015,"Burleigh","North Dakota",449,"2021-04-14",5.819658932042,291.614344057972,0.0381903329159534,6.27794292703344,6.08582516477985,6.08699126245367,18.1498072322484
38017,"Cass","North Dakota",449,"2021-04-14",7.31007258079957,-94.3982911170546,0.013577443876415,7.47300190731655,7.41092342636027,7.40511468793447,51.0513751240018
38021,"Dickey","North Dakota",449,"2021-04-14",3.29053181377464,540.30962315906,-0.0342394295104052,2.88671339920346,3.05828907409196,3.0508558072018,-20.2441217763077
38035,"Grand Forks","North Dakota",449,"2021-04-14",5.79865966029918,224.609434895538,0.0264307613116278,6.11582879603871,5.98644119337448,5.98367498948057,26.2250175992852
38053,"McKenzie","North Dakota",449,"2021-04-14",3.59535339610311,301.294680644532,0.0252112867015884,3.9003201605315,3.77323304102211,3.77183240301423,27.493526560716
38059,"Morton","North Dakota",449,"2021-04-14",4.52643614544559,344.840711787834,0.0453452372524006,5.04054429678863,4.83684667711103,4.84385280621239,15.2859974400784
38067,"Pembina","North Dakota",449,"2021-04-14",3.25809653802148,526.038345402101,-0.0397143131306748,2.78152478045339,2.98864877394592,2.98009634610676,-17.4533342243446
38071,"Ramsey","North Dakota",449,"2021-04-14",3.31678003984957,513.71475569618,-0.0480843916217042,2.77517891524612,2.99242469710947,2.98018929849764,-14.4152220124394
38073,"Ransom","North Dakota",449,"2021-04-14",3.17805383034795,377.509636984795,0.0473342557385337,3.71528291597204,3.50793771208679,3.50939362051769,14.6436691513388
38077,"Richland","North Dakota",449,"2021-04-14",4.53566698022112,109.437436460122,0.0135570068935118,4.69835106294326,4.63334540987538,4.6305660284757,51.1283343000788
38089,"Stark","North Dakota",449,"2021-04-14",4.72738781871234,1224.45861150669,-0.00605719220598517,4.65470151224052,4.68145553493165,4.68498747327044,-114.43374371958
38093,"Stutsman","North Dakota",449,"2021-04-14",4.16998197642772,369.328822868641,0.0553808801372376,4.7999260720651,4.54450907108886,4.55764813738838,12.5160015305333
38097,"Traill","North Dakota",449,"2021-04-14",3.16003532484527,383.333283570327,0.0519113902522794,3.77223027493248,3.51923698021246,3.52341505661123,13.3525065923178
38099,"Walsh","North Dakota",449,"2021-04-14",3.71357206670431,333.708524002148,0.033256332630783,4.06696600369398,3.94415801817829,3.94636639511979,20.8425621747104
38101,"Ward","North Dakota",449,"2021-04-14",4.91160391349008,3.17476128863972,0.0111418391738365,5.04530598357612,4.99122983891174,4.98959678770694,62.2111995825254
38105,"Williams","North Dakota",449,"2021-04-14",4.15440880296475,556.644068167023,-0.0369695280381336,3.72076369997259,3.90466288430851,3.89562210669781,-18.7491487542111
39001,"Adams","Ohio",449,"2021-04-14",3.94019388239484,793.218362249582,-0.011318248454144,3.8167212072403,3.86069773094828,3.86096614321583,-61.2415590069646
39003,"Allen","Ohio",449,"2021-04-14",5.77941988886182,267.513400782849,0.0327470749308889,6.17238478803249,6.00680961393367,6.00864941337804,21.1666899111691
39005,"Ashland","Ohio",449,"2021-04-14",5.01822546336293,963.22720137816,-0.00968461552835827,4.91230043087264,4.95109183774286,4.95043315466442,-71.5719873990132
39007,"Ashtabula","Ohio",449,"2021-04-14",5.59205251071289,245.040897569789,0.0281065427135932,5.92933102327601,5.78608327238104,5.78879830970804,24.6614173654562
39009,"Athens","Ohio",449,"2021-04-14",5.27811465923052,221.852055898946,0.0237594576019553,5.56322815045398,5.44234908886227,5.44443086244421,29.1735271138051
39011,"Auglaize","Ohio",449,"2021-04-14",4.67682617489452,321.31029852391,0.0377328896886516,5.0822316479947,4.93797810734672,4.94095640271508,18.369840907478
39013,"Belmont","Ohio",449,"2021-04-14",5.85589025285366,58.1003146016725,0.0151746437595801,6.03798597796862,5.96120789755595,5.96211275917072,45.677987011876
39015,"Brown","Ohio",449,"2021-04-14",3.90916177314711,92.9622953694954,0.0112037608122077,4.06738760849307,3.98726435447371,3.98758809883256,61.8673668760126
39017,"Butler","Ohio",449,"2021-04-14",6.87079486656628,1418.03064016919,-0.00705398227038611,6.78614707932165,6.82262995834874,6.82141699067358,-98.263243936677
39019,"Carroll","Ohio",449,"2021-04-14",3.48343547989913,65.1249948679733,0.00917044828880816,3.58449902195087,3.54798843652744,3.54762861792079,75.584874231926
39021,"Champaign","Ohio",449,"2021-04-14",5.07962816558321,-863.973446873478,0.00388358661081792,5.12623120491302,5.10891749856967,5.10681327185894,178.481195354096
39023,"Clark","Ohio",449,"2021-04-14",6.59324020971297,1423.209422785,-0.00676526985530749,6.54343275173673,6.54807798615319,6.54588332072582,-102.456693581285
39025,"Clermont","Ohio",449,"2021-04-14",6.15090732151701,1556.49725442142,-0.00552891910256078,6.08456029228628,6.11183922997739,6.11220488779908,-125.367575054391
39027,"Clinton","Ohio",449,"2021-04-14",4.32696685749085,280.261274051101,0.0263970997726128,4.63899268278493,4.51137341460715,4.51174655589914,26.2584596993906
39029,"Columbiana","Ohio",449,"2021-04-14",5.31951957419864,237.605812056051,0.0257735919174394,5.62880267720791,5.50021117760468,5.49993471762072,26.8936973465051
39031,"Coshocton","Ohio",449,"2021-04-14",4.16111273868694,634.464176356402,-0.0218643840230267,3.90200928620952,4.00822498882102,4.00806205052575,-31.7021133469825
39033,"Crawford","Ohio",449,"2021-04-14",4.7585042059088,146.213841423942,0.0159796017003034,4.95025942631244,4.87028137849388,4.87036141781092,43.3769998501767
39035,"Cuyahoga","Ohio",449,"2021-04-14",8.64425369291045,15.1756291068675,0.0201580280404928,8.88615002939636,8.78423213131966,8.7853598891939,34.385664072278
39037,"Darke","Ohio",449,"2021-04-14",4.86312915698766,282.793991557591,0.0299325719711539,5.1845013135387,5.0723353243991,5.07265716078574,23.1569536098647
39039,"Defiance","Ohio",449,"2021-04-14",4.96484063890662,322.495598409242,0.0408614056273353,5.45517750643464,5.24687217084681,5.25087047829797,16.9633709344606
39041,"Delaware","Ohio",449,"2021-04-14",6.71174039505618,-145.078872715435,0.0113936192688723,6.84846382628265,6.79100109730661,6.79149572993829,60.8364352189335
39043,"Erie","Ohio",449,"2021-04-14",5.819658932042,173.281107845875,0.0215304319666231,6.08705987320345,5.97003656485142,5.97037195580836,32.1938352948271
39045,"Fairfield","Ohio",449,"2021-04-14",6.37356354338687,176.19930105131,0.0237996523848058,6.65915937200454,6.53903658516682,6.54016111008051,29.1242564955471
39047,"Fayette","Ohio",449,"2021-04-14",3.59142411796322,682.427357693005,-0.0152589782447096,3.45505012504464,3.48497760990863,3.48461127025025,-45.4255304283079
39049,"Franklin","Ohio",449,"2021-04-14",8.55734753453546,-68.6985392357281,0.0166907975733494,8.75763710541565,8.67398957037001,8.67418311754891,41.5287033177319
39051,"Fulton","Ohio",449,"2021-04-14",4.94266231051005,328.393074132625,0.0427540328870979,5.45571070515523,5.23773759051906,5.24194054071974,16.212439710433
39053,"Gallia","Ohio",449,"2021-04-14",4.07268306544092,-32.0022135687805,0.00850897569101784,4.15239897241965,4.13342883087699,4.13224589527804,81.4607075786617
39055,"Geauga","Ohio",449,"2021-04-14",5.4614075614141,292.908409545653,0.0360464506741823,5.87887297068656,5.70890660466575,5.71373271613338,19.229276880134
39057,"Greene","Ohio",449,"2021-04-14",6.45789035500583,165.430351884174,0.0231823186721358,6.73607817907146,6.62046357344539,6.62016658571078,29.8998210818782
39059,"Guernsey","Ohio",449,"2021-04-14",4.41366371961706,898.547051450537,-0.00972956925656039,4.30579218637459,4.3444404832427,4.34555673482114,-71.2413018790708
39061,"Hamilton","Ohio",449,"2021-04-14",7.71250772183291,3037.16805492005,-0.00297416424947849,7.67681775083917,7.69043783085326,7.69168857208656,-233.056120112225
39063,"Hancock","Ohio",449,"2021-04-14",6.09485884531227,22.1344308780367,0.014447395785339,6.26822759473634,6.19714554808788,6.19599061580964,47.9773096036687
39065,"Hardin","Ohio",449,"2021-04-14",4.33261127511053,772.558146914999,-0.0131867412687576,4.17437037988544,4.24016506035295,4.24030408622923,-52.5639478649794
39067,"Harrison","Ohio",449,"2021-04-14",3.27444567602301,576.111545859441,-0.0251121280465378,3.01625651948987,3.10021689873287,3.09866077969725,-27.6020884918795
39069,"Henry","Ohio",449,"2021-04-14",4.50456027308886,239.936753394462,0.0219061156042516,4.73310645797084,4.65744404846329,4.65790308231862,31.6417201973232
39071,"Highland","Ohio",449,"2021-04-14",4.45434729625351,534.565971518831,-0.049640854881051,3.90008199075509,4.11686746627381,4.10686131208615,-13.9632402024675
39073,"Hocking","Ohio",449,"2021-04-14",4.22160634183303,782.53163764001,-0.0123899983157982,4.04572644041456,4.13498651807087,4.13487635362244,-55.9440899742599
39075,"Holmes","Ohio",449,"2021-04-14",3.55942138687705,372.701830405493,0.0490868006876406,4.08884064853087,3.8892019669676,3.90302899169053,14.1208465585428
39077,"Huron","Ohio",449,"2021-04-14",5.48182869147758,1680.57818913951,-0.00443210001830818,5.42745301450501,5.44934013334418,5.45080399134942,-156.392495136997
39079,"Jackson","Ohio",449,"2021-04-14",4.54784369079637,32.856855605174,0.0110720221962487,4.68505028692996,4.62577337997188,4.62534784617011,62.6034854585816
39081,"Jefferson","Ohio",449,"2021-04-14",5.69948755037332,229.401980886087,0.0264103542731812,5.98453396239954,5.88411506280055,5.88436003028559,26.2452814297842
39083,"Knox","Ohio",449,"2021-04-14",5.37461681321743,-109.22177555976,0.00971512158533401,5.49119827224144,5.44369698770452,5.44262266431477,71.3472471210575
39085,"Lake","Ohio",449,"2021-04-14",6.70947854111232,221.173240586439,0.0301107396560917,7.07080741698542,6.91706936943502,6.92025371870496,23.0199320400857
39087,"Lawrence","Ohio",449,"2021-04-14",4.53719720240189,1130.41373621121,-0.00661960625961616,4.46435338979486,4.48729378981185,4.49085995858458,-104.711240121423
39089,"Licking","Ohio",449,"2021-04-14",6.38060668118422,3216.18146584846,-0.00230165548676712,6.35298681534301,6.36291921450834,6.36449509277685,-301.151577438521
39091,"Logan","Ohio",449,"2021-04-14",4.25053397873921,800.425571359283,-0.0119254462089495,4.10742862423182,4.15513040906761,4.16705585527656,-58.1233748754635
39093,"Lorain","Ohio",449,"2021-04-14",7.05900379241181,138.784391927836,0.0231279253279302,7.33653889634697,7.21953718994267,7.22089926970732,29.9701408895018
39095,"Lucas","Ohio",449,"2021-04-14",7.80605659583957,159.449904259457,0.0274329782793581,8.13525233519187,7.99419953767483,7.99808744379508,25.2669314101234
39097,"Madison","Ohio",449,"2021-04-14",4.99237433496164,326.989225346847,0.0426659369597388,5.5043655784785,5.28500865497706,5.29103589367981,16.2459148902326
39099,"Mahoning","Ohio",449,"2021-04-14",6.65194094537838,107.721850879025,0.0197810680318255,6.88931376176029,6.79119096700225,6.79040842160116,35.0409381053009
39101,"Marion","Ohio",449,"2021-04-14",5.17856811343811,-206.627310512928,0.00795934635660396,5.27408026971736,5.23497012496186,5.23428353793434,87.0859426772945
39103,"Medina","Ohio",449,"2021-04-14",6.52314266703299,-617.064266582392,0.00614773569563655,6.59691549538063,6.56748600313513,6.56617681690245,112.748370274265
39105,"Meigs","Ohio",449,"2021-04-14",3.74106520728451,-39.3788162738806,0.00773837661690404,3.8334278483634,3.80297222021974,3.79523384360284,89.5726862202345
39107,"Mercer","Ohio",449,"2021-04-14",4.04054185622913,365.01624215443,0.0508595211347256,4.62739035506352,4.38789204599291,4.39655850417221,13.6286611650121
39109,"Miami","Ohio",449,"2021-04-14",5.56943442212512,-827.364992487376,0.00438067309941321,5.62200249931808,5.60338988855641,5.60009913382101,158.228465085147
39111,"Monroe","Ohio",449,"2021-04-14",4.14086457785699,568.81475458292,-0.0329897261249192,3.72172785654051,3.91485543283954,3.90993649498256,-21.0110013625232
39113,"Montgomery","Ohio",449,"2021-04-14",7.27388538169163,157.642015700204,0.0254013709430096,7.57870183300775,7.44917167418129,7.4516949782927,27.2877862425256
39115,"Morgan","Ohio",449,"2021-04-14",3.14168618617707,382.465000064285,0.0508539372927399,3.73954427555246,3.49135927067904,3.49766374722625,13.6301576133595
39117,"Morrow","Ohio",449,"2021-04-14",4.23203396499529,-599.058886775007,0.00407008735851946,4.29418183755657,4.26459466386345,4.26052457650493,170.30277718955
39119,"Muskingum","Ohio",449,"2021-04-14",5.5915198875312,48.5910965033641,0.0141411076940476,5.76121317985977,5.69015963056944,5.69050764138953,49.0164699652002
39123,"Ottawa","Ohio",449,"2021-04-14",5.30826769740121,-41.8392883419183,0.010925974545034,5.43937939194162,5.38715271489949,5.38474951921645,63.4403071051445
39125,"Paulding","Ohio",449,"2021-04-14",3.42472787907235,-88.1617519119043,0.00644056270744389,3.50470788618115,3.47159036762609,3.46981181802446,107.622146083419
39127,"Perry","Ohio",449,"2021-04-14",4.56434819146784,277.658379703679,0.0272687236350973,4.86314835649583,4.7538167693019,4.75522925691352,25.4191281497239
39129,"Pickaway","Ohio",449,"2021-04-14",5.24250258744164,1002.95407999747,-0.00941258954068711,5.14825425262032,5.17772037530736,5.17661446065683,-73.6404341827219
39131,"Pike","Ohio",449,"2021-04-14",4.57618264911484,166.214907977898,0.0164738237599545,4.77386853423429,4.69166450115256,4.69149941543452,42.0756705097749
39133,"Portage","Ohio",449,"2021-04-14",6.56405699726918,-155.352310253447,0.0109519174031271,6.69548000610671,6.64053072422776,6.64072041909107,63.290029959688
39135,"Preble","Ohio",449,"2021-04-14",4.56731996185699,954.116760612612,-0.00895347950608794,4.45987820778394,4.50455481306614,4.50464560531437,-77.4165150083426
39137,"Putnam","Ohio",449,"2021-04-14",4.92414326274281,299.395021581333,0.0340523771490509,5.33277178853142,5.1616934542844,5.16250990278617,20.3553243148332
39139,"Richland","Ohio",449,"2021-04-14",5.92616383081156,292.276399739624,0.0390589454813988,6.39487117658835,6.19220614701587,6.19957644918135,17.7461826482245
39141,"Ross","Ohio",449,"2021-04-14",5.84313025260216,-496.247492334015,0.00621445981004163,5.91770377032266,5.88911071196488,5.88663147127245,111.537800830239
39143,"Sandusky","Ohio",449,"2021-04-14",5.39492540506796,314.411110773929,0.0413616624786106,5.85635184689015,5.67595792891655,5.68445704241823,16.7582040716665
39145,"Scioto","Ohio",449,"2021-04-14",4.86863274820464,720.45129162241,-0.0176111774324948,4.6572986190147,4.7440746661309,4.74535450617718,-39.3583667654726
39147,"Seneca","Ohio",449,"2021-04-14",5.25002707742026,240.119158127279,0.0257504679164399,5.55903269241754,5.42944361094681,5.43028035283534,26.9178479711205
39149,"Shelby","Ohio",449,"2021-04-14",4.34380542185368,40.4914452930334,0.0107923735201554,4.4843235232175,4.42082467806612,4.41935203649477,64.2256477933656
39151,"Stark","Ohio",449,"2021-04-14",6.91728119163554,-63.1393315374539,0.0136398042144847,7.08095884220936,7.01257878841514,7.01275982113693,50.8179714063535
39153,"Summit","Ohio",449,"2021-04-14",7.87723465079828,-161.270031936284,0.0130144137908145,8.03340761628805,7.96837055657596,7.96833554733398,53.2599617394344
39155,"Trumbull","Ohio",449,"2021-04-14",6.51216977786842,162.280741597092,0.0231158132915247,6.78955953736672,6.67304530743236,6.67398047090909,29.9858444009013
39157,"Tuscarawas","Ohio",449,"2021-04-14",4.84418708645859,-198.987181795532,0.00753387816057433,4.93459362438548,4.89768607683324,4.89692423358261,92.0040337508066
39159,"Union","Ohio",449,"2021-04-14",5.37923880890026,1739.838291688,-0.00415116519044448,5.32942482661493,5.34866106784276,5.35018065256715,-166.976535204018
39161,"Van Wert","Ohio",449,"2021-04-14",3.91772102654278,322.336707430244,0.0322013398108271,4.30413710427271,4.14358304671482,4.14313040521857,21.5254143036274
39163,"Vinton","Ohio",449,"2021-04-14",3.47019025314911,251.528185347874,0.0181535980261571,3.71189913087359,3.60199601702623,3.59726543933221,38.1823580956902
39165,"Warren","Ohio",449,"2021-04-14",6.53441156758502,-836.335225093589,0.0051036724129084,6.59565563653992,6.57316367152562,6.57013727447538,135.813415219757
39167,"Washington","Ohio",449,"2021-04-14",4.98556165654414,564.531806085139,-0.0416830808134865,4.52394004388049,4.70255988159319,4.69378009084973,-16.6289815203793
39169,"Wayne","Ohio",449,"2021-04-14",5.86929691313377,65.4224562021718,0.0155035527312422,6.05533954590868,5.97746167101055,5.97782178225247,44.7089252751172
39171,"Williams","Ohio",449,"2021-04-14",4.65667774313402,344.995374888971,0.0466432615727024,5.17761776483351,4.97688668576012,4.98318057414294,14.8606070242224
39173,"Wood","Ohio",449,"2021-04-14",6.38952132882548,42.6424356922293,0.0159197730329204,6.58055860522052,6.50116542205865,6.50095974005592,43.5400165019054
39175,"Wyandot","Ohio",449,"2021-04-14",4.16333743370905,803.001431930447,-0.0116898922901748,4.05640936380333,4.08086813157424,4.08150818767783,-59.2945737526195
40005,"Atoka","Oklahoma",449,"2021-04-14",3.4106761256167,258.366573718958,0.0185882985919077,3.6736691394538,3.54990377039742,3.54079421576005,37.2894365308776
40009,"Beckham","Oklahoma",449,"2021-04-14",3.88303546855489,370.486126688954,0.0526773326504001,4.50464275063012,4.2500600576923,4.25177679710769,13.1583576025025
40013,"Bryan","Oklahoma",449,"2021-04-14",3.87713574642771,361.605552575461,0.0469997054397625,4.43651122410247,4.2046390400072,4.20613368450605,14.7479047809847
40015,"Caddo","Oklahoma",449,"2021-04-14",3.92055790787798,364.660535629339,0.0493478630971014,4.50740738312593,4.2659839156847,4.26599294955769,14.0461437853154
40017,"Canadian","Oklahoma",449,"2021-04-14",5.71890563623042,361.142361581566,0.0690208621123109,6.54715598157815,6.10899495859803,6.2020516710166,10.0425749454137
40019,"Carter","Oklahoma",449,"2021-04-14",5.23187226713988,298.048905079138,0.0358467490084725,5.66203325524155,5.48527102333361,5.48279951019919,19.33640287425
40021,"Cherokee","Oklahoma",449,"2021-04-14",4.20682254564879,326.135306735182,0.0356059813591194,4.62395984759486,4.4592351207686,4.45606441516263,19.4671556323336
40027,"Cleveland","Oklahoma",449,"2021-04-14",6.70982685180898,346.527990714842,0.0688384993909292,7.53588884450013,7.1546518197279,7.19169634754549,10.0691791176854
40031,"Comanche","Oklahoma",449,"2021-04-14",6.63049490199277,293.201693140079,0.0439692927597121,7.15812641510931,6.93377948097053,6.93827995131075,15.7643468214949
40035,"Craig","Oklahoma",449,"2021-04-14",3.42472787907235,332.63656890069,0.0309851225154312,3.82243102653608,3.64907836178561,3.64162373668037,22.3703224092383
40037,"Creek","Oklahoma",449,"2021-04-14",4.77189454596838,301.142101067476,0.0334030850350269,5.1727315663887,5.01215680864347,5.00571614121357,20.7509929047902
40041,"Delaware","Oklahoma",449,"2021-04-14",4.09196077086682,325.958095690248,0.0343659157600493,4.46900912878532,4.33537033662681,4.33252218118717,20.1696118153713
40047,"Garfield","Oklahoma",449,"2021-04-14",4.05302641289137,372.684794887139,0.0561524323813985,4.67835142144229,4.43820350561546,4.44609343956116,12.3440276968227
40049,"Garvin","Oklahoma",449,"2021-04-14",3.97834564835922,388.579311470058,0.0715894104096003,4.82660734126784,4.46453558138743,4.47947152122642,9.68225854346459
40051,"Grady","Oklahoma",449,"2021-04-14",4.66613088577778,376.004510198596,0.0682073006285015,5.45627642180858,5.13062588369858,5.14358199017729,10.1623605416559
40057,"Harmon","Oklahoma",449,"2021-04-14",3.17208366336144,373.561859649962,0.0448736800167443,3.69930273124307,3.4944836560631,3.48619942347865,15.4466310831049
40063,"Hughes","Oklahoma",449,"2021-04-14",3.56347818757266,353.226877074046,0.0390424645210658,4.01251600555568,3.83870024078469,3.83677543922012,17.7536738282992
40065,"Jackson","Oklahoma",449,"2021-04-14",4.58933112195835,320.88314528964,0.0369319514230654,4.99012911460039,4.84933250298506,4.84785478191981,18.7682251776994
40069,"Johnston","Oklahoma",449,"2021-04-14",3.03769647265303,376.071565482196,0.0446922220065671,3.57217934010706,3.35327004960653,3.350542026699,15.5093470281718
40071,"Kay","Oklahoma",449,"2021-04-14",4.8553728854163,277.079596147682,0.0290510754093724,5.19783014458905,5.06072234057728,5.05873041328191,23.8596048783902
40073,"Kingfisher","Oklahoma",449,"2021-04-14",3.31678003984957,338.274262142681,0.0312674987458136,3.68098936080371,3.54597685597084,3.53565253107027,22.1682964216237
40079,"Le Flore","Oklahoma",449,"2021-04-14",4.12482757894718,327.898003797104,0.0352209813709932,4.51187802184923,4.37611241319005,4.37137444854413,19.6799508014503
40081,"Lincoln","Oklahoma",449,"2021-04-14",3.93462283734539,372.730820177007,0.0549358507518218,4.57446323498257,4.31068781692246,4.31917379260814,12.6173923052782
40083,"Logan","Oklahoma",449,"2021-04-14",4.24440525679783,375.977393800241,0.0616954907455501,4.93703396023203,4.66795119586004,4.67627369201668,11.2349731266209
40085,"Love","Oklahoma",449,"2021-04-14",3.500827222611,385.802048417714,0.0596576001526807,4.18784132703323,3.9112480057066,3.91843042367976,11.6187573550727
40087,"McClain","Oklahoma",449,"2021-04-14",4.46590811865458,386.278350146918,0.0761371824074493,5.30840997261244,4.97854531172661,4.99886839550673,9.10392476635867
40089,"McCurtain","Oklahoma",449,"2021-04-14",3.66721795733276,371.778940940324,0.0501117499723456,4.22046465400466,4.01181191242298,4.01800020713918,13.8320290339583
40091,"McIntosh","Oklahoma",449,"2021-04-14",3.47462485021697,362.292829212713,0.0424925999976156,3.98186132517245,3.77392800446607,3.77207305020028,16.3121856652415
40095,"Marshall","Oklahoma",449,"2021-04-14",4.71849887129509,320.407225919972,0.0378556925527314,5.13295836794552,4.98497676754607,4.98348871916421,18.3102496300766
40097,"Mayes","Oklahoma",449,"2021-04-14",4.08957128346944,322.51305994318,0.033391392834221,4.45731485367538,4.32757415322019,4.32331103330899,20.758258992107
40099,"Murray","Oklahoma",449,"2021-04-14",3.52214999207982,396.676330083646,0.0712580345403183,4.22728811995799,3.93736010630902,4.02095623386205,9.72728457964635
40101,"Muskogee","Oklahoma",449,"2021-04-14",4.34194841110647,354.836388119549,0.0484413025801055,4.90049713319726,4.67798986178923,4.68103752916721,14.3090120133272
40109,"Oklahoma","Oklahoma",449,"2021-04-14",7.33190193803588,335.261501813234,0.0674269192631557,8.14102496919375,7.75832506172431,7.80389037287797,10.2799770200787
40111,"Okmulgee","Oklahoma",449,"2021-04-14",3.47903986842609,369.570067964301,0.0466472295518933,4.03171687982378,3.8071650409003,3.80557047528934,14.8593429281549
40113,"Osage","Oklahoma",449,"2021-04-14",4.23203396499529,313.93679236043,0.0325382868975757,4.6224934077662,4.46499891457158,4.45980197327832,21.3025099551749
40115,"Ottawa","Oklahoma",449,"2021-04-14",4.55687989686031,341.160610921179,0.0440442877560905,5.05801909832122,4.86321380856557,4.86518991115294,15.7375045862581
40119,"Payne","Oklahoma",449,"2021-04-14",4.67815507874458,319.09021839018,0.037452271699247,5.12758233913554,4.94400907273535,4.94032098063931,18.5074802972201
40121,"Pittsburg","Oklahoma",449,"2021-04-14",3.96488649498521,276.697239938158,0.0236250746086257,4.23604108399353,4.14024431545044,4.13026201724559,29.339470543169
40123,"Pontotoc","Oklahoma",449,"2021-04-14",4.00733318523247,298.316814327103,0.0274878821078012,4.33437681815913,4.20888710342668,4.19974835998708,25.2164636708488
40125,"Pottawatomie","Oklahoma",449,"2021-04-14",5.11799381241676,348.201248678972,0.0534244313400915,5.75908698849786,5.48364125606904,5.4919648317974,12.9743483116831
40131,"Rogers","Oklahoma",449,"2021-04-14",5.16396931401696,347.284282982138,0.0533932795334935,5.80468866841888,5.53309171016853,5.53772227075141,12.9819180731376
40133,"Seminole","Oklahoma",449,"2021-04-14",3.86223234092513,367.656803106532,0.0505380999587462,4.46469731527726,4.21096728944029,4.21599904063635,13.7153391426618
40135,"Sequoyah","Oklahoma",449,"2021-04-14",3.85922481986117,363.5182747988,0.0479393316448784,4.43351209551084,4.19017714292935,4.19480014137532,14.4588411389335
40137,"Stephens","Oklahoma",449,"2021-04-14",4.07511320029421,361.146552121576,0.0488379337377269,4.63244640228139,4.41605516063697,4.4169787364583,14.1928031657182
40141,"Tillman","Oklahoma",449,"2021-04-14",3.47019025314911,359.783831004775,0.0412266452704342,3.96666986844627,3.76380036664862,3.75877677004215,16.81308716761
40143,"Tulsa","Oklahoma",449,"2021-04-14",6.96088973453463,276.961387711815,0.0416723393422671,7.46095780664184,7.2481096074567,7.2525961099305,16.6332678102596
40145,"Wagoner","Oklahoma",449,"2021-04-14",4.76826038085416,380.21738721054,0.0738017197961224,5.5928871545058,5.26324259283089,5.28487241942702,9.3920193523236
40147,"Washington","Oklahoma",449,"2021-04-14",5.014437580046,318.912373746057,0.0400873989715504,5.49548636770461,5.29743293419297,5.29504937284685,17.2908993435035
41001,"Baker","Oregon",449,"2021-04-14",4.67149282891917,320.304276259209,0.0377660010196346,5.12468484115479,4.93546907111187,4.93585483605661,18.3537351545263
41003,"Benton","Oregon",449,"2021-04-14",5.13243143050236,-96.5094732702512,0.00952017239166058,5.25998543355837,5.20267313061535,5.19907263724398,72.8082593511777
41005,"Clackamas","Oregon",449,"2021-04-14",6.92405036146864,246.808498820202,0.0351133305443795,7.34541032800119,7.16773008729614,7.1698436752793,19.74028580638
41007,"Clatsop","Oregon",449,"2021-04-14",4.18748789394134,142.042885457094,0.0137678860317182,4.32252577187383,4.28672574871282,4.28386309616337,50.3452148690862
41009,"Columbia","Oregon",449,"2021-04-14",5.2257466737132,313.433125313341,0.0400235257698725,5.70602898295167,5.50677560876371,5.50591135410231,17.3184937415411
41011,"Coos","Oregon",449,"2021-04-14",5.05259949319529,580.849572584099,-0.0369208277219154,4.60954956053231,4.80449980604888,4.79415369914188,-18.7738797672867
41013,"Crook","Oregon",449,"2021-04-14",3.76451686831956,366.142189512913,0.0481172815147468,4.32371356350595,4.1019885831986,4.10133783892279,14.4053686895739
41015,"Curry","Oregon",449,"2021-04-14",4.19827548507033,584.761897283169,-0.0297978821055979,3.83683183493696,3.99572344775248,3.98969031033115,-23.2616257123096
41017,"Deschutes","Oregon",449,"2021-04-14",6.33073897636655,336.227790103094,0.0587418498926808,7.03564117507872,6.72814958266018,6.74193192561532,11.7998868238964
41019,"Douglas","Oregon",449,"2021-04-14",5.40203367409337,1134.92511070054,-0.00781855166418282,5.30821105412318,5.34782131418198,5.34730381244409,-88.6541664404787
41023,"Grant","Oregon",449,"2021-04-14",4.38202663467388,385.73455055677,0.073735518486089,5.18105934635467,4.84650951602132,4.8981752640765,9.40045170619794
41027,"Hood River","Oregon",449,"2021-04-14",3.25258688221051,396.137728647248,0.0657481569543272,3.93583401254328,3.64897930879954,3.7128239808908,10.5424579588056
41029,"Jackson","Oregon",449,"2021-04-14",6.57766264932496,192.063745347745,0.0261084402417748,6.89096393222626,6.7593354245812,6.76042173101738,26.5487778718728
41031,"Jefferson","Oregon",449,"2021-04-14",3.70306408910589,375.769265495905,0.0536069803836862,4.30092741072973,4.07765707361602,4.07831295179169,12.9301664745677
41033,"Josephine","Oregon",449,"2021-04-14",5.81540903189267,1169.56827723307,-0.00803321763561192,5.73224926888192,5.7621556850294,5.75917650844339,-86.2851240936343
41035,"Klamath","Oregon",449,"2021-04-14",5.82894561761021,344.957709429747,0.0588530978438509,6.53518279173642,6.22927580160581,6.24091730251717,11.7775819107943
41039,"Lane","Oregon",449,"2021-04-14",6.48746655626781,300.908142051986,0.045337775672916,7.0315198643428,6.79885257375276,6.80483098597822,15.2885131718983
41041,"Lincoln","Oregon",449,"2021-04-14",4.53872508657994,304.001531349243,0.0323349510011694,4.91486303607502,4.76639445784674,4.76506974358813,21.4364691795846
41043,"Linn","Oregon",449,"2021-04-14",5.68163424143319,236.965651680765,0.0274232960271198,6.00664377406564,5.87387855366205,5.87359731362303,25.2758523218533
41045,"Malheur","Oregon",449,"2021-04-14",3.52214999207982,122.248790851274,0.0109142684260487,3.64265028416751,3.60098951249724,3.59854987106216,63.5083501250196
41047,"Marion","Oregon",449,"2021-04-14",6.58083725516574,194.010134557754,0.0263244161659268,6.89673024915686,6.76412165009909,6.76510816832723,26.3309611955279
41051,"Multnomah","Oregon",449,"2021-04-14",7.31407716281028,216.375589457861,0.0321322179171827,7.69966377781647,7.53716444564334,7.53900268823056,21.5717191494984
41053,"Polk","Oregon",449,"2021-04-14",5.29258669183905,309.023292064386,0.038978616441129,5.72894872440212,5.56485002316189,5.56543700692695,17.7827548498761
41057,"Tillamook","Oregon",449,"2021-04-14",4.58642414316704,180.854832673777,0.0173716757859882,4.77973264087262,4.71073453014487,4.70802587366896,39.9009968352639
41059,"Umatilla","Oregon",449,"2021-04-14",4.69265764011121,737.150446220145,-0.0161120872492491,4.52992051966428,4.58191967712909,4.57987302936647,-43.0203219382548
41061,"Union","Oregon",449,"2021-04-14",4.03297561584581,1014.45238837668,-0.00705636874737124,3.94064598023601,3.98157518165291,3.98358103461421,-98.2300111255053
41065,"Wasco","Oregon",449,"2021-04-14",3.18988828799495,395.709815816064,0.0648019277814346,3.9069201614168,3.6029431945886,3.64350178246499,10.6963975346198
41067,"Washington","Oregon",449,"2021-04-14",6.97927828032272,218.409865253402,0.0309378700808989,7.35053272129351,7.19379190363157,7.19584337088901,22.4044893442065
41071,"Yamhill","Oregon",449,"2021-04-14",5.04526673806589,189.246173660615,0.0198438051385567,5.29341094984315,5.18638331157328,5.18417337403579,34.9301545605864
42001,"Adams","Pennsylvania",449,"2021-04-14",6.63444561731856,67.7935318384213,0.0176351184224432,6.84606703838788,6.75771969146127,6.75789144627566,39.3049348439768
42003,"Allegheny","Pennsylvania",449,"2021-04-14",9.08767220920708,77.2830471641091,0.0247811619804604,9.38504615297261,9.25761726524766,9.2611403430703,27.970729585097
42005,"Armstrong","Pennsylvania",449,"2021-04-14",5.74984784149945,248.961794563763,0.0294806231868209,6.1036153197413,5.95568826830096,5.9562122038072,23.5119582163315
42007,"Beaver","Pennsylvania",449,"2021-04-14",6.93453630165978,257.279030591173,0.0371384977467452,7.38019827462072,7.19032958546476,7.194505785887,18.6638454060973
42009,"Bedford","Pennsylvania",449,"2021-04-14",5.01253824424234,325.261324261514,0.0419505722586809,5.48456226357161,5.30144172926581,5.30619225005311,16.5229493482419
42011,"Berks","Pennsylvania",449,"2021-04-14",8.29804166137157,-32.2357654425211,0.0174242303151276,8.5071324251531,8.41923588818385,8.42001127357746,39.7806484432291
42013,"Blair","Pennsylvania",449,"2021-04-14",6.49526555593701,285.002053974969,0.040851254486737,6.98548060977785,6.77615140744958,6.78122433734417,16.9675861676411
42015,"Bradford","Pennsylvania",449,"2021-04-14",6.34488419832604,257.743395826413,0.0340652844310033,6.75366761149808,6.58114100833246,6.58334118934306,20.3476117149077
42017,"Bucks","Pennsylvania",449,"2021-04-14",8.65970910211222,-89.9417574991346,0.0162184526317484,8.8543305336932,8.77369932080732,8.77323827053446,42.7381820139287
42019,"Butler","Pennsylvania",449,"2021-04-14",7.10061633768266,11.9781042617858,0.016435778852249,7.29784568390965,7.21690939791273,7.2156667896484,42.1730656509228
42021,"Cambria","Pennsylvania",449,"2021-04-14",6.5142893208408,304.345316868154,0.0466456918934164,7.0740376235618,6.82746522202243,6.84080916409471,14.8598327610567
42025,"Carbon","Pennsylvania",449,"2021-04-14",6.29209810016309,-42.269728545531,0.0129395225135301,6.44737237032545,6.38551586865041,6.3826747577578,53.5682193709358
42027,"Centre","Pennsylvania",449,"2021-04-14",7.28765834904008,1799.31615395077,-0.00537709104093274,7.22313325654889,7.25068099227398,7.25001871175355,-128.907466004092
42029,"Chester","Pennsylvania",449,"2021-04-14",8.19576719033359,6.37639186824942,0.0187278909045194,8.42050188118782,8.32601383594464,8.32686242666523,37.0114917955163
42031,"Clarion","Pennsylvania",449,"2021-04-14",4.87737597330037,304.199860034634,0.0348882052228896,5.29603443597505,5.12104047503739,5.1215934098606,19.8676651931978
42033,"Clearfield","Pennsylvania",449,"2021-04-14",6.65415252018322,-321.00947858274,0.00869813081598771,6.75853008997507,6.72097233313049,6.71503943589513,79.6892108458403
42035,"Clinton","Pennsylvania",449,"2021-04-14",5.62967450250248,141.898903806616,0.0185894613838018,5.83897019829671,5.75975611402799,5.75980073218909,37.2871040343283
42037,"Columbia","Pennsylvania",449,"2021-04-14",5.62967450250248,236.342827820308,0.0270806079745536,5.94844976859726,5.81718098848714,5.81923875832435,25.5957023273356
42039,"Crawford","Pennsylvania",449,"2021-04-14",5.24250258744164,139.000661524363,0.0171873317084895,5.44837278175251,5.3647802470992,5.36281390940107,40.3289581138166
42041,"Cumberland","Pennsylvania",449,"2021-04-14",7.03148882912655,-36.6003818300969,0.0146306351284014,7.20705645066737,7.13442320758219,7.13390327502536,47.376424500833
42043,"Dauphin","Pennsylvania",449,"2021-04-14",7.33851676627357,83.8590363951076,0.0203767899458519,7.58303824562379,7.48032158208846,7.48115429589453,34.0165051709261
42045,"Delaware","Pennsylvania",449,"2021-04-14",8.2758492998866,119.468615894523,0.0255009213444726,8.58186035602027,8.45205046881496,8.45435574929791,27.18126028455
42047,"Elk","Pennsylvania",449,"2021-04-14",5.59258485035815,23.7874024660981,0.013308941433882,5.75229214756473,5.69532403945328,5.68574744039532,52.0813157081993
42049,"Erie","Pennsylvania",449,"2021-04-14",6.76635628308004,111.054076809059,0.0203226884961724,7.01022854503411,6.90781785745374,6.90861510255325,34.1070612134065
42051,"Fayette","Pennsylvania",449,"2021-04-14",6.66185474054531,194.521921174704,0.0267031667548252,6.98229274160321,6.84807095135716,6.84877690782909,25.9574898709231
42055,"Franklin","Pennsylvania",449,"2021-04-14",6.76652082442142,-31.1504890659773,0.0142407952430453,6.93741036733796,6.86803083614089,6.86620639112274,48.6733478524279
42057,"Fulton","Pennsylvania",449,"2021-04-14",4.14765962098982,348.309209326837,0.0432158150363998,4.65394529085505,4.44718855028216,4.45017032624462,16.0392018518249
42059,"Greene","Pennsylvania",449,"2021-04-14",5.46201417350429,288.246323361629,0.0350682840456215,5.88283358205175,5.70549628984637,5.70749216182364,19.7656429284708
42061,"Huntingdon","Pennsylvania",449,"2021-04-14",5.29473954520015,267.107084012512,0.0298848999842891,5.6450459020268,5.50250930742191,5.50393384509017,23.1938932679829
42063,"Indiana","Pennsylvania",449,"2021-04-14",5.82050674896434,283.903754148407,0.0363562975384187,6.25678231942536,6.07159389609968,6.07500083173327,19.0653951994831
42065,"Jefferson","Pennsylvania",449,"2021-04-14",5.1664172956556,185.80662514835,0.0200098755385341,5.40653580211801,5.30674257122764,5.30648642442534,34.640254469605
42067,"Juniata","Pennsylvania",449,"2021-04-14",4.59943951127911,266.065434399738,0.0258490501593264,4.90962811319103,4.78002954015969,4.78038286239439,26.8151895828891
42069,"Lackawanna","Pennsylvania",449,"2021-04-14",7.34794382314869,-80.7261294813422,0.0140033884541097,7.51598448459801,7.44803352904297,7.44596754232746,49.498532646684
42071,"Lancaster","Pennsylvania",449,"2021-04-14",8.23770602027768,21.8595219982906,0.0195141343925903,8.47187563298876,8.3737058327116,8.37430496102581,35.5202627293137
42073,"Lawrence","Pennsylvania",449,"2021-04-14",6.22568933129015,-61.3833494027095,0.012318746430107,6.37351428845143,6.31401484558303,6.3119205563009,56.2676717548057
42075,"Lebanon","Pennsylvania",449,"2021-04-14",6.81155899241543,83.4265484171893,0.018890905479909,7.03824985817434,6.94363199195171,6.94379533077479,36.692109930735
42077,"Lehigh","Pennsylvania",449,"2021-04-14",8.07775756373692,-140.181854249072,0.0138274708551507,8.24368721399873,8.1761991941233,8.17454985972297,50.1282691405386
42079,"Luzerne","Pennsylvania",449,"2021-04-14",7.69757534680234,46.6815745915105,0.0193738192204108,7.93006117744727,7.8331185697188,7.83319208134522,35.7775187573598
42081,"Lycoming","Pennsylvania",449,"2021-04-14",6.75576892198425,-51.6283559590431,0.0136307151129636,6.91933750333981,6.85377774155499,6.851183927775,50.8518573541839
42083,"McKean","Pennsylvania",449,"2021-04-14",4.96882074366325,355.846927177623,0.0558162117949682,5.59016512457066,5.34436949431066,5.35953422622803,12.4183845207215
42085,"Mercer","Pennsylvania",449,"2021-04-14",5.83773044716594,283.726502780651,0.036367177298358,6.26510081718427,6.0887305275053,6.09230068825445,19.0596915145031
42087,"Mifflin","Pennsylvania",449,"2021-04-14",5.20243559484476,184.108842780949,0.0200177476237095,5.44264856632927,5.3427277776144,5.34255982821073,34.6266320062386
42089,"Monroe","Pennsylvania",449,"2021-04-14",7.46794233228585,60.4391337866926,0.0194700319821802,7.70158271607201,7.60409411675492,7.60423255616111,35.6007212106452
42091,"Montgomery","Pennsylvania",449,"2021-04-14",8.6465157392667,34.1708036048154,0.0210978520205992,8.89968996351389,8.79359967466437,8.79420070341089,32.8539218060294
42093,"Montour","Pennsylvania",449,"2021-04-14",4.49024021931411,146.989616649463,0.0151235124173356,4.67332236968747,4.60640903221685,4.59610480623546,45.8324205007703
42095,"Northampton","Pennsylvania",449,"2021-04-14",8.12634924272769,-284.727658072957,0.0111514214572519,8.26016630021471,8.20907767818255,8.20440919292845,62.1577422409396
42097,"Northumberland","Pennsylvania",449,"2021-04-14",6.16721695516647,47.0533686364238,0.0155366401119996,6.35365663651047,6.27672181802974,6.27597343595047,44.6137115594637
42099,"Perry","Pennsylvania",449,"2021-04-14",5.70282963990093,-7.56372079275242,0.0126173972912687,5.84896763506092,5.79322727356062,5.79115142093981,54.9358290429362
42101,"Philadelphia","Pennsylvania",449,"2021-04-14",9.37475250822657,-127.676217136284,0.0163987100166381,9.57153702842623,9.49207833271366,9.48954347834304,42.2683967127096
42103,"Pike","Pennsylvania",449,"2021-04-14",6.25355404855685,-197.412486756772,0.00974966059700088,6.37054997572086,6.32631644054051,6.32180167273586,71.0944933583807
42105,"Potter","Pennsylvania",449,"2021-04-14",3.69244452027843,359.578293875531,0.0433258674106011,4.17755405505271,3.99540816983134,3.99572559215264,15.9984605499287
42107,"Schuylkill","Pennsylvania",449,"2021-04-14",6.76355493000805,120.845257363107,0.0209297715231362,7.01471218828568,6.91116077148552,6.91006333067,33.1177614525666
42109,"Snyder","Pennsylvania",449,"2021-04-14",5.09023834469522,120.311284624358,0.0157324986971453,5.28122227729367,5.20192626359401,5.20036583557524,44.0583021110129
42111,"Somerset","Pennsylvania",449,"2021-04-14",5.61469101371324,297.666129291116,0.0383690459803602,6.07511956547756,5.88019217645739,5.88327433557576,18.0652701376715
42113,"Sullivan","Pennsylvania",449,"2021-04-14",3.21314515015922,361.187424094837,0.0384581471396022,3.64631599484546,3.47974884047826,3.48235218013644,18.0234158979068
42115,"Susquehanna","Pennsylvania",449,"2021-04-14",5.74300318780948,101.407048220433,0.0167633430809887,5.94416330478134,5.86281409295696,5.8603465893764,41.3489825514605
42117,"Tioga","Pennsylvania",449,"2021-04-14",5.31951957419864,180.034664741262,0.0201523414769006,5.56134767192145,5.46310116452773,5.46058596453694,34.3953669778004
42119,"Union","Pennsylvania",449,"2021-04-14",5.36664334904728,327.424566091924,0.0460357999034261,5.91907294788839,5.68430334287485,5.68889394837126,15.0566989606791
42121,"Venango","Pennsylvania",449,"2021-04-14",4.78510795142677,212.562447486241,0.0205617882959162,5.00551141806389,4.93032455236819,4.92904046949818,33.7104521544759
42123,"Warren","Pennsylvania",449,"2021-04-14",4.81681935787657,345.50989493346,0.0489066323426331,5.40369894598817,5.15586601913817,5.159165784275,14.1728666922689
42125,"Washington","Pennsylvania",449,"2021-04-14",7.2677247898703,125.786451667283,0.0228391431727204,7.54179450794294,7.4283682129763,7.42759879207934,30.3490886377847
42127,"Wayne","Pennsylvania",449,"2021-04-14",5.70616059706117,137.279564086338,0.0186037835400944,5.9294059995423,5.83628976894502,5.83638708184183,37.2583984900755
42129,"Westmoreland","Pennsylvania",449,"2021-04-14",7.81963630236759,118.220109175704,0.0240028206854087,8.10767015059249,7.98719867960526,7.98765604716545,28.8777385643392
42131,"Wyoming","Pennsylvania",449,"2021-04-14",5.8664680569333,154.415555530326,0.0202582292280124,6.10956680766945,6.01303602755231,6.00827566152939,34.2155858124798
42133,"York","Pennsylvania",449,"2021-04-14",8.13090025981107,-103.981436781375,0.0148379118598775,8.3089552021296,8.23593051588937,8.23476564283021,46.7146042587201
44001,"Bristol","Rhode Island",449,"2021-04-14",5.76205138278018,649.488789338437,-0.0280407091857949,5.42556287255064,5.57476698097417,5.56576641847962,-24.7193170460569
44003,"Kent","Rhode Island",449,"2021-04-14",6.93244789157251,688.424091170428,-0.0283623756495376,6.59209938377806,6.74476959952949,6.73391126202575,-24.4389676353238
44005,"Newport","Rhode Island",449,"2021-04-14",6.23832462503951,683.798118460463,-0.0260149023065336,5.92614579736111,6.06421855917816,6.05622030889378,-26.6442353844959
44007,"Providence","Rhode Island",449,"2021-04-14",8.4189186221479,713.486889511002,-0.0312405499110716,8.04403202321504,8.21696748675928,8.2002347727704,-22.1874193166586
44009,"Washington","Rhode Island",449,"2021-04-14",6.5510803350434,590.836727184935,-0.0446147258975104,6.01570362427328,6.27884125436521,6.23877725376083,-15.5362868787372
45001,"Abbeville","South Carolina",449,"2021-04-14",4.93857650298747,868.298307692759,-0.0116393971256741,4.79890373747938,4.85463102854193,4.85710072310775,-59.5518112386601
45003,"Aiken","South Carolina",449,"2021-04-14",5.96761086822858,-675.333904197649,0.00533139472131529,6.03158760488436,6.00623050138897,6.00493063127779,130.012354513669
45007,"Anderson","South Carolina",449,"2021-04-14",6.71918567228442,802.603253633794,-0.0187371018087473,6.49434045057945,6.59011583116543,6.58802595962319,-36.9932974498945
45009,"Bamberg","South Carolina",449,"2021-04-14",3.42472787907235,193.801478347765,0.0135280423287093,3.54703269943644,3.51890046424637,3.51942417537332,51.2378039421818
45011,"Barnwell","South Carolina",449,"2021-04-14",3.72741311811618,-820.651852349013,0.00293292058336983,3.74431849555164,3.75087648278314,3.74794356219977,236.333429718558
45013,"Beaufort","South Carolina",449,"2021-04-14",6.02413915592082,750.503335852812,-0.0196543999730356,5.7882863562444,5.8884469332285,5.88655835610957,-35.2667688411192
45015,"Berkeley","South Carolina",449,"2021-04-14",6.74473202065128,1429.78875889454,-0.00684196483252132,6.66262844266102,6.69603152567455,6.69683826682363,-101.308205687534
45019,"Charleston","South Carolina",449,"2021-04-14",7.4165502709817,1170.74873569956,-0.0102051092855945,7.29408895955457,7.34626781762858,7.34511450598254,-67.9215833130164
45021,"Cherokee","South Carolina",449,"2021-04-14",5.47526737954008,1033.26729862365,-0.00933230228547815,5.38723293027726,5.40717027319376,5.40994126354173,-74.2739743480599
45023,"Chester","South Carolina",449,"2021-04-14",4.78749174278205,559.727888838939,-0.0416953121524609,4.32496670405533,4.49931225141018,4.49562455771482,-16.6241034010111
45025,"Chesterfield","South Carolina",449,"2021-04-14",4.94875989037817,549.171334978582,-0.0470542652271741,4.38410870765208,4.62655295144061,4.61938003378795,-14.7308044704022
45027,"Clarendon","South Carolina",449,"2021-04-14",4.81450454202811,536.775078878753,-0.0518943729309048,4.19177206685725,4.46004233975391,4.45124393151178,-13.3568851767964
45029,"Colleton","South Carolina",449,"2021-04-14",4.61653394463841,-58.2474915097119,0.00919596053891662,4.72899963916017,4.68016542229061,4.68090566841083,75.3751799637024
45031,"Darlington","South Carolina",449,"2021-04-14",4.75112409861117,633.771816041964,-0.0250359837287986,4.45069229386559,4.57522768190494,4.57587221250958,-27.6860373480203
45033,"Dillon","South Carolina",449,"2021-04-14",5.00681849556955,916.944218070609,-0.0106203060348364,4.89536866089821,4.92662477354295,4.9324763533257,-65.266215331866
45035,"Dorchester","South Carolina",449,"2021-04-14",6.76635628308004,-777.966104572493,0.00553727002554401,6.83280352338657,6.80669730704072,6.80511717325885,125.178504454792
45037,"Edgefield","South Carolina",449,"2021-04-14",4.54784369079637,681.02332820947,-0.0192916343581035,4.34106776986062,4.41298688699216,4.41280225028965,-35.9299356235614
45039,"Fairfield","South Carolina",449,"2021-04-14",4.64713438508712,565.028839481168,-0.038590443431619,4.20747126241307,4.37999966135343,4.37700128106579,-17.961627774197
45041,"Florence","South Carolina",449,"2021-04-14",5.50300595348889,699.430701034576,-0.0215440271322122,5.24447762790234,5.35253140808205,5.3521977635634,-32.1735196630701
45043,"Georgetown","South Carolina",449,"2021-04-14",4.81912882772523,1026.94363535771,-0.00829318982778693,4.73494394898827,4.75393604698274,4.76107649893072,-83.580286349832
45045,"Greenville","South Carolina",449,"2021-04-14",8.34647265325981,1281.29295283893,-0.00996840188963756,8.22685183058416,8.27851723301878,8.27669384003235,-69.5344337270843
45047,"Greenwood","South Carolina",449,"2021-04-14",5.86889328043405,634.393343305849,-0.0308250970256152,5.49899211612667,5.65564216093929,5.65311760125474,-22.4864557598619
45049,"Hampton","South Carolina",449,"2021-04-14",4.36944785246702,568.167922858638,-0.035014849120311,3.92754289503391,4.12834109877955,4.12434390862484,-19.7958065784688
45051,"Horry","South Carolina",449,"2021-04-14",7.21786258710454,1048.51532380059,-0.011939916662039,7.07458358716007,7.13504382011298,7.13428317047027,-58.0529328788111
45053,"Jasper","South Carolina",449,"2021-04-14",3.91772102654278,-531.971078734857,0.00403557259551713,3.98702901050589,3.95000560730692,3.9459700347114,171.759313989276
45055,"Kershaw","South Carolina",449,"2021-04-14",5.39816270151775,733.258752873235,-0.0186620548138899,5.17421804375107,5.26870691383938,5.26752831782052,-37.1420611220178
45057,"Lancaster","South Carolina",449,"2021-04-14",5.84188672912586,-615.347273902515,0.00551460967809452,5.908062045263,5.88101399120914,5.88048899687252,125.692881458738
45059,"Laurens","South Carolina",449,"2021-04-14",6.07829733672326,1006.78230608504,-0.0108004414335741,5.94869203952037,6.00069581807276,6.00269424668824,-64.1776713315844
45061,"Lee","South Carolina",449,"2021-04-14",3.35739475900376,-2405.8298558753,0.00117516905269108,3.36313388069201,3.36679611142529,3.3656209423726,589.827632860714
45063,"Lexington","South Carolina",449,"2021-04-14",7.03199362469506,1729.39589942312,-0.00547068310070929,6.96634542748655,6.99200602611288,6.99369884299009,-126.702126187875
45065,"McCormick","South Carolina",449,"2021-04-14",3.42936825862885,537.942329189791,-0.0365296215364641,2.99332227311943,3.17349893050802,3.1736609078736,-18.9749346258088
45067,"Marion","South Carolina",449,"2021-04-14",4.74617359345131,548.769470219871,-0.0453011128479596,4.2025602392758,4.43456158395291,4.42906580351559,-15.3008863796856
45069,"Marlboro","South Carolina",449,"2021-04-14",4.14086457785699,125.173827435964,0.012786558669668,4.23012826495175,4.22942685440243,4.23037048854467,54.209048616358
45071,"Newberry","South Carolina",449,"2021-04-14",5.02856876196973,555.118107129949,-0.0455530241623907,4.51512952902099,4.71609246634519,4.709697592833,-15.2162714398272
45073,"Oconee","South Carolina",449,"2021-04-14",5.95990016360362,-251.760870341146,0.00856601803530768,6.06269238002731,6.01768149331872,6.01986228985077,80.9182490280676
45075,"Orangeburg","South Carolina",449,"2021-04-14",5.58724865840025,628.820365641473,-0.0303189850124899,5.23973807573685,5.37733125327328,5.37501576331282,-22.8618200864707
45077,"Pickens","South Carolina",449,"2021-04-14",6.75009845982559,-1007.62609022838,0.00465002558528251,6.80589876684898,6.78478673151158,6.78264863892257,149.063089621223
45079,"Richland","South Carolina",449,"2021-04-14",7.37050048664794,1599.42082250461,-0.00637906150130728,7.29395174863225,7.32467073331984,7.32584705613879,-108.659742568385
45081,"Saluda","South Carolina",449,"2021-04-14",3.90341463089155,560.05147064334,-0.0335629120406265,3.49227035690024,3.67169058606983,3.66847424660716,-20.6521764178543
45083,"Spartanburg","South Carolina",449,"2021-04-14",7.67461749736436,1117.83148182209,-0.0113895205320648,7.53794325097958,7.59655359487168,7.59489085363991,-60.8583283737481
45085,"Sumter","South Carolina",449,"2021-04-14",5.48716519984327,561.762501206333,-0.0465951821983564,4.92802301346299,5.16850208757158,5.16099892445478,-14.8759409848256
45087,"Union","South Carolina",449,"2021-04-14",5.35523765680072,241.02179577384,0.026383313800697,5.67183742240908,5.53477311095844,5.5399208534056,26.272180431771
45089,"Williamsburg","South Carolina",449,"2021-04-14",3.88303546855489,542.963864989232,-0.0392369019639379,3.41219264498764,3.60949154836696,3.60837715480732,-17.6656959613429
45091,"York","South Carolina",449,"2021-04-14",7.20138392120323,1671.22497830115,-0.00586802261079476,7.13096764987369,7.15985692919787,7.16030776292767,-118.122786249126
46005,"Beadle","South Dakota",449,"2021-04-14",4.00212484012533,142.155004692466,0.0132441163335459,4.15659962855416,4.09228796906107,4.09483365446015,52.336234679869
46011,"Brookings","South Dakota",449,"2021-04-14",5.67332326717149,294.786585950247,0.038021536490545,6.12958170505803,5.93282062707153,5.9394740226053,18.2303832127435
46013,"Brown","South Dakota",449,"2021-04-14",5.04618627836057,245.508800389154,0.0254273467144104,5.35223271283715,5.22164423707821,5.22417770536144,27.2599099050755
46023,"Charles Mix","South Dakota",449,"2021-04-14",3.391627930646,579.818880355047,-0.0249416197987508,3.08824343772261,3.2158490582641,3.21703659205474,-27.7907844860446
46025,"Clark","South Dakota",449,"2021-04-14",3.69244452027843,546.40964037294,-0.0365255391517703,3.30226085913931,3.44886089407035,3.43676574621604,-18.9770554153846
46027,"Clay","South Dakota",449,"2021-04-14",3.88303546855489,777.759551858881,-0.0116604364597306,3.75185680976188,3.80144801664023,3.80141241333678,-59.4443598190971
46029,"Codington","South Dakota",449,"2021-04-14",5.10853950907762,288.739593716518,0.0329030409707301,5.50337600072638,5.33482032165178,5.33886079587273,21.066356181988
46033,"Custer","South Dakota",449,"2021-04-14",3.52214999207982,327.581706705722,0.0300622775102236,3.86054637040187,3.73700578154827,3.73258593465138,23.0570415140443
46035,"Davison","South Dakota",449,"2021-04-14",4.85314571300348,1606.88016750973,-0.0041733841960658,4.80306510265069,4.82198581184777,4.82393202363102,-166.087555805039
46051,"Grant","South Dakota",449,"2021-04-14",3.21314515015922,608.582670652173,-0.0194481002984611,2.9674430826505,3.07465478113083,3.07700844806999,-35.6408682556411
46057,"Hamlin","South Dakota",449,"2021-04-14",3.5179216559703,361.553961185653,0.0423799130292681,4.00261491091092,3.79580653705111,3.81458104717518,16.3555592971899
46065,"Hughes","South Dakota",449,"2021-04-14",4.21950770517611,337.449604059151,0.0393789937618849,4.66839530222369,4.4850139265228,4.4951606615093,17.601952572766
46067,"Hutchinson","South Dakota",449,"2021-04-14",4.20894794496111,274.677277663362,0.0247813403013969,4.49342008659993,4.38573861635251,4.38241732707089,27.9705283140345
46077,"Kingsbury","South Dakota",449,"2021-04-14",4.75359019110636,172.758871487413,0.0175279362721092,4.96463245020891,4.87892506878948,4.87628574501112,39.5452818745637
46079,"Lake","South Dakota",449,"2021-04-14",4.31175743882733,581.350897553187,-0.0313922771211427,3.93505011337362,4.09637091282203,4.09201149897933,-22.0801816282741
46081,"Lawrence","South Dakota",449,"2021-04-14",3.86523084392139,528.076743734744,-0.046335277380169,3.33969591360871,3.56114341368298,3.54088390226021,-14.9593834277251
46083,"Lincoln","South Dakota",449,"2021-04-14",5.92768764063023,970.651868357949,-0.0112554193705079,5.79262260818414,5.84937573525382,5.84889970503667,-61.5834166407135
46085,"Lyman","South Dakota",449,"2021-04-14",3.05803615689015,-450.324456395508,0.00343158577539456,3.11013011245903,3.08548884309331,3.08205725731791,201.990340888462
46087,"McCook","South Dakota",449,"2021-04-14",3.36235754834589,746.592119811745,-0.011122354950272,3.23206870229821,3.28323100518672,3.28450106369399,-62.3201816215181
46093,"Meade","South Dakota",449,"2021-04-14",3.89763426797605,546.669283690809,-0.0379375910824287,3.43977420839862,3.63669315373541,3.63207113039905,-18.2707220143186
46099,"Minnehaha","South Dakota",449,"2021-04-14",7.32721721101964,-414.391943944631,0.00853598086830632,7.42964898143932,7.38947640368593,7.38696907709778,81.2029913438029
46103,"Pennington","South Dakota",449,"2021-04-14",5.42809171029485,-655.625232154118,0.00496155512121637,5.5153898634676,5.46338301244083,5.46282259614336,139.703613811714
46109,"Roberts","South Dakota",449,"2021-04-14",3.90629233071916,553.589982460754,-0.0359283456717681,3.50624662395177,3.65554104390343,3.65479391101678,-19.2924880786985
46123,"Tripp","South Dakota",449,"2021-04-14",3.03769647265303,526.629562062058,-0.0369267968621844,2.60812349073068,2.78255599689348,2.77920889461774,-18.770845008487
46125,"Turner","South Dakota",449,"2021-04-14",3.43858491373377,502.14147381136,-0.0600042554890125,2.7686847832164,3.0505193589641,3.01855512531068,-11.5516337118268
46127,"Union","South Dakota",449,"2021-04-14",4.73243196559902,615.152569579017,-0.0278042565777307,4.42511887958013,4.54339619337901,4.53780216955491,-24.9295347502695
46129,"Walworth","South Dakota",449,"2021-04-14",3.03769647265303,745.495191084069,-0.0101895224673702,2.94981775374676,2.96300625798446,2.96636981538144,-68.0254823304627
46135,"Yankton","South Dakota",449,"2021-04-14",4.76461296039711,1152.38196696224,-0.00672605060914978,4.68390035308731,4.71445197598096,4.71753060613306,-103.054113154757
47001,"Anderson","Tennessee",449,"2021-04-14",5.3599498836287,650.563343724134,-0.0259482141748583,5.0485713135304,5.1801805332035,5.17831238440469,-26.712712323438
47003,"Bedford","Tennessee",449,"2021-04-14",5.79822647857268,732.70580143619,-0.0200835121765096,5.55722433245456,5.66026229061812,5.65764189333711,-34.5132452166745
47005,"Benton","Tennessee",449,"2021-04-14",4.29825675160842,90.093887434635,0.0121174864283311,4.43386235305421,4.38347775892186,4.38307915660674,57.2022246246831
47007,"Bledsoe","Tennessee",449,"2021-04-14",3.63758615972639,541.334940337308,-0.0376831793332771,3.21569186012526,3.37664192246581,3.37380390439345,-18.3940737704115
47009,"Blount","Tennessee",449,"2021-04-14",5.88013386446365,789.043104637683,-0.0170417370624988,5.67563301971366,5.76121235882081,5.76084170502616,-40.6735051725009
47011,"Bradley","Tennessee",449,"2021-04-14",6.50599757566229,871.938500397516,-0.0152031134605062,6.32356021413622,6.39857534444756,6.39957578143875,-45.5924493598345
47013,"Campbell","Tennessee",449,"2021-04-14",4.66613088577778,931.05799520881,-0.00966469406776549,4.59129018813915,4.59551128191979,4.59847802730342,-71.7195159722426
47015,"Cannon","Tennessee",449,"2021-04-14",3.93182563272433,599.448746020017,-0.0253265679370879,3.63306441156602,3.75683915550256,3.75453965716471,-27.3683817831831
47017,"Carroll","Tennessee",449,"2021-04-14",3.63381967693091,334.986994290168,0.0333338178620936,4.03382549127603,3.865937838321,3.86715640196556,20.7941131564223
47019,"Carter","Tennessee",449,"2021-04-14",5.60000800215401,226.596990096175,0.0257586498210459,5.90911180000656,5.77767990011609,5.78031855090133,26.9092978620958
47021,"Cheatham","Tennessee",449,"2021-04-14",5.47944773797184,1113.75012876084,-0.00818310886309928,5.38244090836752,5.41933206258586,5.42216597593014,-84.7046265858209
47023,"Chester","Tennessee",449,"2021-04-14",3.41538201665411,680.786527660284,-0.0143063159411151,3.21586708401424,3.30093148912519,3.3152378050663,-48.4504315026274
47025,"Claiborne","Tennessee",449,"2021-04-14",4.59367580656236,-403.244097261068,0.00543821133916519,4.6727509928359,4.63428713924931,4.63174328593652,127.458669281203
47029,"Cocke","Tennessee",449,"2021-04-14",5.09724976693303,565.455817354051,-0.0419679343318256,4.59363455495112,4.80758953131759,4.80347422661025,-16.516113828226
47031,"Coffee","Tennessee",449,"2021-04-14",5.26638431944503,708.107034084238,-0.0200463697267431,5.05383081596527,5.12789607288059,5.12605973135783,-34.5771922801186
47033,"Crockett","Tennessee",449,"2021-04-14",3.20158432775814,367.664063027168,0.0412086875588759,3.640208026934,3.48970482531628,3.49004514067027,16.8204138889313
47035,"Cumberland","Tennessee",449,"2021-04-14",5.43122356377864,-75.5759328660879,0.0104822321783716,5.57210234873683,5.50439285669926,5.50459918902724,66.1259137142698
47037,"Davidson","Tennessee",449,"2021-04-14",8.01277556394558,877.504518756607,-0.018483718663252,7.79097093998655,7.88671499053558,7.88338953330282,-37.5004182431109
47041,"DeKalb","Tennessee",449,"2021-04-14",3.65989191724069,574.664710578972,-0.0278664615705291,3.30676559712688,3.46594776154971,3.46482668624699,-24.8738857212141
47043,"Dickson","Tennessee",449,"2021-04-14",5.49658257373913,-194.188946008078,0.00861278248098888,5.599935963511,5.5578399860046,5.55687205110605,80.4788907754189
47045,"Dyer","Tennessee",449,"2021-04-14",3.95398720452718,960.365851247483,-0.00762440664366118,3.84549034708714,3.89845644584997,3.90061635802155,-90.9116227603387
47047,"Fayette","Tennessee",449,"2021-04-14",4.58933112195835,122.631958812782,0.0143533969303771,4.78496381906246,4.6895381539464,4.68980490047099,48.2915078515656
47049,"Fentress","Tennessee",449,"2021-04-14",3.60704943586631,611.132752808602,-0.0218004323179461,3.3819610779006,3.45563549554743,3.45444640964069,-31.7951116955303
47051,"Franklin","Tennessee",449,"2021-04-14",5.07428055925661,605.283146246567,-0.0314619393119918,4.69673728751271,4.85856962054917,4.85404698407267,-22.0312922762441
47053,"Gibson","Tennessee",449,"2021-04-14",4.71210089681543,193.808964329198,0.0188416932345864,4.94012306296775,4.84469923064791,4.84399274945754,36.7879453258258
47055,"Giles","Tennessee",449,"2021-04-14",4.68609162834031,-228.346920080061,0.00696975250185173,4.76972865836253,4.73656562020852,4.73487989585327,99.4507596038438
47057,"Grainger","Tennessee",449,"2021-04-14",4.21106883653024,-21.6254583703161,0.00909064110363227,4.3419216240024,4.27528327569139,4.27470332425567,76.2484375588198
47059,"Greene","Tennessee",449,"2021-04-14",5.52886203334256,-195.103629099677,0.00863300849688506,5.62098316237021,5.5916671904161,5.58929309282076,80.2903392033084
47061,"Grundy","Tennessee",449,"2021-04-14",3.72051653905712,632.570108515248,-0.0199376176484313,3.52038731171902,3.57816867709592,3.5809532155181,-34.76579763854
47063,"Hamblen","Tennessee",449,"2021-04-14",5.14499967302467,654.65809614678,-0.0244234604182494,4.85191814800568,4.97428429378315,4.97403545009692,-28.3803838067934
47065,"Hamilton","Tennessee",449,"2021-04-14",7.10602048617322,1273.17329326666,-0.00857000646774082,7.00318040856033,7.0457447126013,7.04603044089903,-80.8805901336349
47067,"Hancock","Tennessee",449,"2021-04-14",3.03082359336526,352.65528028558,0.0332353384576538,3.4346967375201,3.26161498121522,3.26347096256884,20.8557280511256
47069,"Hardeman","Tennessee",449,"2021-04-14",3.67449071666184,-78.0533366548178,0.00702102531846597,3.74960199806471,3.72702915115899,3.7236378938911,98.7244952296215
47071,"Hardin","Tennessee",449,"2021-04-14",4.67416305747504,1196.05441655611,-0.00621519261715063,4.59958074606923,4.62710463395732,4.63065670915499,-111.52464987927
47073,"Hawkins","Tennessee",449,"2021-04-14",5.60685193515883,-275.712140489653,0.00779040899788661,5.70033684313347,5.6618028725396,5.66138479814404,88.9744274977068
47077,"Henderson","Tennessee",449,"2021-04-14",3.78418963391826,384.390882356631,0.0631500619102396,4.52212021251638,4.21177952649526,4.22624006728994,10.9761916234567
47079,"Henry","Tennessee",449,"2021-04-14",3.88008995832514,191.552998639685,0.0153920628226202,4.0703848581915,3.98836734650235,3.98783439808348,45.0327671182121
47081,"Hickman","Tennessee",449,"2021-04-14",4.08477511120595,972.85640205867,-0.00769256525804778,3.9759516018761,4.02803076140506,4.03092715439962,-90.1061164004805
47083,"Houston","Tennessee",449,"2021-04-14",3.22457384598284,162.221086036927,0.0114301219466758,3.35792881195989,3.30458612573263,3.30458469960957,60.6421509581124
47085,"Humphreys","Tennessee",449,"2021-04-14",4.61653394463841,333.513208053442,0.0413739276062236,5.06775966271545,4.90275254470675,4.90615143788197,16.7532361722333
47087,"Jackson","Tennessee",449,"2021-04-14",3.03082359336526,505.074805912011,-0.0506422380358641,2.48525800255991,2.68590454907141,2.67632792711421,-13.6871356291376
47089,"Jefferson","Tennessee",449,"2021-04-14",5.10681090017701,1158.9381316656,-0.00715166095299101,5.02717518860134,5.05132622145369,5.05674927350607,-96.9211467260697
47091,"Johnson","Tennessee",449,"2021-04-14",4.32318613465095,234.904711148038,0.0206067575173049,4.55605700559086,4.46891915334261,4.46743343727208,33.636887316108
47093,"Knox","Tennessee",449,"2021-04-14",7.42254446601456,1184.67528224272,-0.0100213206029227,7.30228861877949,7.35298926137198,7.3523952217941,-69.1672493102145
47097,"Lauderdale","Tennessee",449,"2021-04-14",3.17208366336144,356.247815660017,0.0360198278232713,3.5930565049214,3.42365283851532,3.42422245812434,19.2434895569413
47099,"Lawrence","Tennessee",449,"2021-04-14",4.72738781871234,121.375775783892,0.0146529227003913,4.90322289111704,4.83060715223145,4.82995827761508,47.3043634183258
47101,"Lewis","Tennessee",449,"2021-04-14",4.01766919456313,671.762322752372,-0.0176397445635959,3.80599225979998,3.8943861056904,3.89419098261796,-39.2946268615721
47103,"Lincoln","Tennessee",449,"2021-04-14",4.36763789722178,1007.80502972135,-0.00778137537086407,4.29380206779265,4.31080696172421,4.31316826962573,-89.0777205216584
47105,"Loudon","Tennessee",449,"2021-04-14",4.90103299053006,-548.961919210415,0.00495843102000632,4.983034354138,4.93963717436878,4.9357420076701,139.791635249786
47107,"McMinn","Tennessee",449,"2021-04-14",5.18898070251057,-223.63231675001,0.00778052137420705,5.2878937670753,5.24322483083716,5.24344435213002,89.0874977681798
47109,"McNairy","Tennessee",449,"2021-04-14",3.64507683145554,932.34351247378,-0.00748989912366631,3.5677648566415,3.5888820375572,3.59264753758988,-92.5442611596415
47111,"Macon","Tennessee",449,"2021-04-14",4.82487927485367,1224.09579585543,-0.00618498305014304,4.75065947825195,4.77654554238315,4.78158439350267,-112.069374312014
47113,"Madison","Tennessee",449,"2021-04-14",5.85425292133765,-141.96561801816,0.00999077888074351,5.97414226790657,5.92471211316537,5.92418837350286,69.3786929761738
47115,"Marion","Tennessee",449,"2021-04-14",3.95124371858143,562.63629847515,-0.0336968557172996,3.59330796394401,3.7167601926543,3.71536572856033,-20.5700848285406
47117,"Marshall","Tennessee",449,"2021-04-14",4.55987391107292,708.644931288735,-0.0172994730674333,4.37062418445301,4.43925637255473,4.43877759960089,-40.067531413128
47119,"Maury","Tennessee",449,"2021-04-14",6.07829733672326,1439.21737032596,-0.00610750728228596,6.00500724933583,6.03335885211816,6.03554478574726,-113.49101172099
47121,"Meigs","Tennessee",449,"2021-04-14",3.58747933967221,825.384961976649,-0.00946360344329016,3.49571279806183,3.51964456855679,3.52123411556918,-73.2434727124367
47123,"Monroe","Tennessee",449,"2021-04-14",5.03880617106295,-121.712246674506,0.00888882262452804,5.13518168870728,5.09967934296595,5.10102792943465,77.9796391309753
47125,"Montgomery","Tennessee",449,"2021-04-14",6.77552915657067,-448.056985972525,0.00759539946787587,6.86667395018518,6.82909219029627,6.8286969528458,91.2588183796725
47127,"Moore","Tennessee",449,"2021-04-14",3.47903986842609,532.830112880394,-0.0398964530876453,3.06524899425115,3.207188899915,3.19976469681257,-17.3736542202693
47129,"Morgan","Tennessee",449,"2021-04-14",4.42056029867612,-94.3043172621965,0.00821200974415176,4.51910441560594,4.47935979757027,4.47804436688518,84.4065219301006
47131,"Obion","Tennessee",449,"2021-04-14",4.26669594669621,-133.750784336254,0.00741902037455082,4.375373084898,4.32001794066602,4.31862908931807,93.4283969535413
47133,"Overton","Tennessee",449,"2021-04-14",3.80666248977032,775.320183785827,-0.0113476153563937,3.62352262113452,3.72536031087371,3.72722918227556,-61.0830697719586
47139,"Polk","Tennessee",449,"2021-04-14",4.61086820710273,804.751326070462,-0.0127812924690459,4.45749269747418,4.52132093160661,4.52139915981941,-54.2313840512317
47141,"Putnam","Tennessee",449,"2021-04-14",5.4971682252932,751.803263902503,-0.0178593565110292,5.28285594716085,5.37342993862465,5.372152729716,-38.8114308671696
47143,"Rhea","Tennessee",449,"2021-04-14",4.28850057666306,-212.649881499772,0.00650660739120124,4.35064226109225,4.33662415765278,4.33404682840147,106.529737985617
47145,"Roane","Tennessee",449,"2021-04-14",4.65531996967356,256.185077571331,0.0247867417001524,4.95276087007539,4.82745962514552,4.82882716157463,27.9644331209408
47147,"Robertson","Tennessee",449,"2021-04-14",5.68066005723535,1305.79384926935,-0.00667157576279972,5.66946404816168,5.63214890941919,5.63395902689575,-103.89557208132
47149,"Rutherford","Tennessee",449,"2021-04-14",7.35928575393355,1026.7922902482,-0.012627630593396,7.2077541868128,7.27217389296509,7.27089233977978,-54.891309611357
47151,"Scott","Tennessee",449,"2021-04-14",4.53719720240189,679.600910869789,-0.019257978187145,4.30610146415615,4.40431419898417,4.40239135509187,-35.9927285109623
47153,"Sequatchie","Tennessee",449,"2021-04-14",3.85922481986117,-110.923420416449,0.00693192349692032,3.92986977893922,3.90863789338057,3.90774828433961,99.9934838963374
47155,"Sevier","Tennessee",449,"2021-04-14",6.10351690805538,651.982445573383,-0.0293463080080086,5.75136121195928,5.90172164080686,5.89809275199932,-23.6195701473175
47157,"Shelby","Tennessee",449,"2021-04-14",7.78874446486741,39.3352724327428,0.0192474014517929,8.01971328228893,7.9210012533741,7.92347627502996,36.0125070543161
47159,"Smith","Tennessee",449,"2021-04-14",4.47082213345701,996.083087851035,-0.00809809652177454,4.37364497519572,4.41092734657701,4.41413545780459,-85.593840317435
47161,"Stewart","Tennessee",449,"2021-04-14",3.40119738166216,142.895736118971,0.0112584757311945,3.52507675623809,3.48169573649556,3.48000671178052,61.5666984687281
47163,"Sullivan","Tennessee",449,"2021-04-14",6.73255118995705,-524.909663045383,0.00694858504021515,6.81593421043963,6.78302040517258,6.78119128523856,99.753716267173
47165,"Sumner","Tennessee",449,"2021-04-14",6.76750750432387,1378.4498842493,-0.00724223697642233,6.6806006606068,6.71628599054623,6.71681184548891,-95.7089891999586
47167,"Tipton","Tennessee",449,"2021-04-14",4.74368912012365,923.851239419553,-0.00982160675321972,4.5950508925853,4.6750173370806,4.67493787285111,-70.5737052985468
47169,"Trousdale","Tennessee",449,"2021-04-14",3.92055790787798,869.452662555588,-0.00920546539950087,3.80602417948698,3.85256391722409,3.85611965008147,-75.2973533089949
47171,"Unicoi","Tennessee",449,"2021-04-14",4.20894794496111,227.236491563705,0.0194711980695049,4.45429958383796,4.34542432658247,4.34524633144764,35.5985891615744
47173,"Union","Tennessee",449,"2021-04-14",3.92338676407846,556.411369930086,-0.0349020456428793,3.50456221636391,3.68295642397059,3.6790724445783,-19.8597866627156
47175,"Van Buren","Tennessee",449,"2021-04-14",3.00991690854595,149.835418495304,0.0102440126525809,3.13635384670624,3.0848018425435,3.08162499711402,67.6636396368871
47177,"Warren","Tennessee",449,"2021-04-14",4.69787958409236,969.560777369625,-0.00895406939512148,4.59845883918016,4.63532032513707,4.63520109832651,-77.411414852067
47179,"Washington","Tennessee",449,"2021-04-14",6.66002625219531,91.1507583898915,0.0188749909785962,6.88652614393846,6.79068900285376,6.79215118904548,36.7230469856096
47181,"Wayne","Tennessee",449,"2021-04-14",3.07797037179096,486.182315090209,-0.0741785007336525,2.23887888206242,2.59056055999854,2.55872086665539,-9.34431369877344
47183,"Weakley","Tennessee",449,"2021-04-14",4.88927443709199,995.00581482938,-0.00890688639321806,4.80086355796921,4.82551804203737,4.82692623233946,-77.8214911428225
47185,"White","Tennessee",449,"2021-04-14",4.29436569611546,-266.020557430528,0.00608320626358569,4.39219997739902,4.33912509125708,4.33694813996056,113.944382374333
47187,"Williamson","Tennessee",449,"2021-04-14",6.83149113781195,1283.43078585738,-0.00813824231003682,6.73383223009151,6.77467635691564,6.77452344164169,-85.171607597023
47189,"Wilson","Tennessee",449,"2021-04-14",6.41416128658871,789.034334560226,-0.0185899217675368,6.19108222537827,6.28582714464716,6.28403183421595,-37.2861806105271
48003,"Andrews","Texas",449,"2021-04-14",4.58204776856724,705.066854048612,-0.0176118735764382,4.38653394558533,4.47281009982642,4.45876465353217,-39.3568110486134
48005,"Angelina","Texas",449,"2021-04-14",5.47944773797184,902.045797215009,-0.0119626634962874,5.33589577601639,5.39618366464632,5.39570909349783,-57.9425460538169
48007,"Aransas","Texas",449,"2021-04-14",3.89473150831808,619.175170331647,-0.0224837922629274,3.66879663220455,3.73785068843936,3.73734496247759,-30.8287486583323
48011,"Armstrong","Texas",449,"2021-04-14",3.20158432775814,414.304700963685,0.104156717034834,4.34284546340827,3.92429618963699,3.93068134700198,6.65484858099101
48013,"Atascosa","Texas",449,"2021-04-14",4.87192042239884,649.819569217516,-0.02390623302603,4.63349578671868,4.70658993574267,4.70457679121663,-28.9944124532385
48015,"Austin","Texas",449,"2021-04-14",4.7523579050601,1102.23095128041,-0.00721989431796796,4.66571917324448,4.69829106240348,4.70181864483432,-96.0051698866184
48019,"Bandera","Texas",449,"2021-04-14",3.52636052461616,558.679690112806,-0.0309576391954761,3.17872079921556,3.31176027331324,3.30965705024783,-22.390182151268
48021,"Bastrop","Texas",449,"2021-04-14",5.72031177660741,-231.471112097217,0.0084682785499843,5.82169687230671,5.78100744701062,5.7795897264573,81.8521942173514
48025,"Bee","Texas",449,"2021-04-14",3.58747933967221,823.780039059673,-0.00950359594547884,3.49523288803556,3.51932462853928,3.52095416805386,-72.9352536173107
48027,"Bell","Texas",449,"2021-04-14",6.34035930372775,1167.3366224085,-0.0087654338344106,6.23517409771482,6.27726573898072,6.27900126688688,-79.0773387437877
48029,"Bexar","Texas",449,"2021-04-14",8.96299560517341,-77.9379532249254,0.0171725308531278,9.16906597541094,9.08153907779542,9.0832033211453,40.3637172929403
48035,"Bosque","Texas",449,"2021-04-14",3.26357600378611,810.046313462847,-0.00893421205319823,3.16312484113016,3.19755191212808,3.20103651941372,-77.5834708682357
48037,"Bowie","Texas",449,"2021-04-14",4.78391392143417,672.904971620167,-0.0208991263386465,4.53312440537041,4.63682803402409,4.63762003706364,-33.1663232868344
48039,"Brazoria","Texas",449,"2021-04-14",7.28560445815228,1193.73653519008,-0.00971755292184762,7.16899382309011,7.21731599308785,7.21758158769935,-71.3293960047872
48041,"Brazos","Texas",449,"2021-04-14",8.04109100370863,1266.49444824603,-0.00977646842584321,7.92377338259851,7.97199041517989,7.97265572472773,-70.8995467860024
48043,"Brewster","Texas",449,"2021-04-14",3.19575340744735,548.374048809306,-0.0312579211783193,2.8874207366035,2.99141228735889,2.97694795919912,-22.175088887252
48051,"Burleson","Texas",449,"2021-04-14",4.15888308335967,195.854973691219,0.0166819402902438,4.33972379568698,4.27885525534433,4.27565666539138,41.5507529999568
48053,"Burnet","Texas",449,"2021-04-14",4.8317364445798,842.340712685911,-0.0121296575788114,4.68618055363406,4.74602433330637,4.74682884152812,-57.1448267237786
48055,"Caldwell","Texas",449,"2021-04-14",4.86091921133686,868.469028819648,-0.0115065028214556,4.74607604387634,4.77767781844738,4.78037369158667,-60.239604623176
48057,"Calhoun","Texas",449,"2021-04-14",4.68080760019371,111.797516188681,0.0140902245717472,4.84989029505468,4.7882172992828,4.77943917219594,49.1934799924904
48061,"Cameron","Texas",449,"2021-04-14",6.93703665023286,167.204763794792,0.0250619799146035,7.2377804092081,7.10853679177612,7.11247050963508,27.6573192908854
48063,"Camp","Texas",449,"2021-04-14",3.09104245335832,385.278322094517,0.0523161485320629,3.69988580573996,3.46305162597992,3.45725549308276,13.2492012506451
48065,"Carson","Texas",449,"2021-04-14",4.45931830897553,401.247656142793,0.1032969830048,5.65575193289093,5.17757503491702,5.18239719000913,6.71023645025271
48067,"Cass","Texas",449,"2021-04-14",4.00733318523247,179.746600131974,0.0152347654368384,4.2086557481185,4.11613922715983,4.11397654329034,45.4977258057339
48069,"Castro","Texas",449,"2021-04-14",4.02789946281395,399.670674429654,0.0888212649607027,5.00324195154142,4.65353792896319,4.64964831753887,7.80384270440885
48071,"Chambers","Texas",449,"2021-04-14",5.43309797857299,1060.755896196,-0.00880915450031848,5.32738812456917,5.37008746377203,5.37143389707076,-78.6848704418666
48073,"Cherokee","Texas",449,"2021-04-14",3.45225255246244,543.996162214622,-0.0345984276638707,3.04452885308083,3.21102443318796,3.21006355881534,-20.0340659203933
48075,"Childress","Texas",449,"2021-04-14",3.64880123054653,414.678556535485,0.117682117544005,4.86279496687897,4.3426543220142,4.47257605335456,5.88999582116422
48079,"Cochran","Texas",449,"2021-04-14",3.51367536508885,415.912909516624,0.120982967126246,4.84985515013716,4.35467238122003,4.36055613497257,5.72929559445047
48085,"Collin","Texas",449,"2021-04-14",7.67129435194274,-234.823911638548,0.0113008605330736,7.80690467833962,7.75018453710534,7.75040037567426,61.3357875297503
48087,"Collingsworth","Texas",449,"2021-04-14",3.79709303875417,378.781238334864,0.057544627203299,4.44352485312066,4.21489044196176,4.19990542917726,12.0453848473313
48089,"Colorado","Texas",449,"2021-04-14",4.20255814686233,70.2043600210639,0.0112599699129402,4.34404729870633,4.28620701583556,4.28137793625291,61.5585286567565
48091,"Comal","Texas",449,"2021-04-14",5.81668589948476,-87.538773676624,0.0109431074223449,5.9480031885529,5.89224944309386,5.89328765144117,63.3409829409696
48097,"Cooke","Texas",449,"2021-04-14",3.9810158769151,-276.005923920942,0.00557922645909771,4.08402681895599,4.02564968858788,4.02007046212878,124.237147504502
48099,"Coryell","Texas",449,"2021-04-14",4.76583024600086,353.619318714214,0.0520676277825504,5.33071920531222,5.12349390255844,5.13030364047871,13.3124401874948
48107,"Crosby","Texas",449,"2021-04-14",4.55086484113055,407.74759494741,0.125532770433542,6.05725808633304,5.41619428092112,5.42959423416534,5.52164329812911
48113,"Dallas","Texas",449,"2021-04-14",8.67490487029245,-1010.90349374534,0.00596252941008528,8.74645522321347,8.72055317139444,8.71664257616305,116.250526058207
48121,"Denton","Texas",449,"2021-04-14",7.49601802101774,744.099440929733,-0.024978447136704,7.19627665537729,7.32365373547987,7.32116889106081,-27.7498107374904
48127,"Dimmit","Texas",449,"2021-04-14",5.63376867403514,265.19349801296,0.0315076275830476,6.01186020503171,5.86205596522041,5.85432206711647,21.9993453563887
48129,"Donley","Texas",449,"2021-04-14",3.31158522297247,400.039280604769,0.0742143403389637,4.1530878748109,3.83519037949715,3.83108560534522,9.33980114077807
48131,"Duval","Texas",449,"2021-04-14",3.23023958351852,257.724199427108,0.0171957608797011,3.40950325488274,3.36213993302045,3.35060990967643,40.3091893059632
48135,"Ector","Texas",449,"2021-04-14",5.57052315386032,114.349884764946,0.016898289721174,5.77330263051441,5.68980565410937,5.68881118190854,41.0187771660356
48139,"Ellis","Texas",449,"2021-04-14",6.44003475575097,-422.409293899043,0.00743301670596043,6.5292309562225,6.49332250009693,6.49206587269269,93.2524717728833
48141,"El Paso","Texas",449,"2021-04-14",8.15223917235937,-959.867191379289,0.00580698745751715,8.22192302184957,8.19807754662989,8.19288808456199,119.364332303261
48143,"Erath","Texas",449,"2021-04-14",4.44935144906014,-127.009010338808,0.00769477828017243,4.48612506989988,4.50756519057867,4.50321489702135,90.0802018358368
48147,"Fannin","Texas",449,"2021-04-14",3.65251180994306,231.897643181323,0.0172144238597707,3.85779295825028,3.77530155060456,3.77301277696145,40.2654881863226
48149,"Fayette","Texas",449,"2021-04-14",5.07249165001389,1419.13395186469,-0.00518361822655022,4.99251870749516,5.03281161344421,5.03620632242804,-133.718794530369
48153,"Floyd","Texas",449,"2021-04-14",4.00733318523247,402.796160390872,0.0955882310173624,5.08566091156803,4.68242687468168,4.67645080235401,7.25138621337227
48157,"Fort Bend","Texas",449,"2021-04-14",7.90121866981143,1599.68891040492,-0.00683680409033524,7.81917702072741,7.84953493525621,7.85336104117908,-101.384677899401
48161,"Freestone","Texas",449,"2021-04-14",3.64880123054653,346.619675532397,0.0371422681623217,4.06263334305745,3.91190962725878,3.90879710768278,18.661950786923
48163,"Frio","Texas",449,"2021-04-14",4.02789946281395,332.748545314688,0.0361868397520193,4.46008063990067,4.28375582168127,4.28120734107809,19.1546757138765
48167,"Galveston","Texas",449,"2021-04-14",7.26082372732676,-742.374274009741,0.0061201796822401,7.33426588351364,7.305863393958,7.30366498510244,113.256018049823
48169,"Garza","Texas",449,"2021-04-14",4.47408477909183,408.24851694005,0.122614138491531,5.85500695708876,5.3210010533858,5.33238374853255,5.65307711726753
48171,"Gillespie","Texas",449,"2021-04-14",3.60704943586631,754.004469056247,-0.0116602896283737,3.47481841974556,3.52532794124039,3.52542740846769,-59.4451083679148
48177,"Gonzales","Texas",449,"2021-04-14",3.38196601973427,534.648430777821,-0.0371361656518722,2.92070115362496,3.12763855385737,3.12201286017116,-18.6650174672786
48179,"Gray","Texas",449,"2021-04-14",5.46504172652832,399.236188069159,0.122086155999664,6.93007559852429,6.29550927687186,6.31964481852597,5.67752481748916
48181,"Grayson","Texas",449,"2021-04-14",5.09899496807406,850.45678098539,-0.0125641417031565,4.9560108920714,5.00888956065919,5.01104597615196,-55.168685369555
48183,"Gregg","Texas",449,"2021-04-14",4.83741505154865,-139.958135885057,0.0083133831667846,4.95442833497516,4.89710390865115,4.89560873371614,83.3772685143823
48185,"Grimes","Texas",449,"2021-04-14",4.23410650459726,298.745757571842,0.029149623679263,4.58390198874842,4.44001953508289,4.4381538703521,23.7789409628999
48187,"Guadalupe","Texas",449,"2021-04-14",5.88212788307052,1030.42846736551,-0.0100304269154865,5.76176276008468,5.80982101734236,5.81191489466211,-69.1044545162639
48189,"Hale","Texas",449,"2021-04-14",3.09104245335832,992.067450003839,-0.00564340184582866,3.02524403684033,3.04589523859169,3.05153864043752,-122.82435302251
48191,"Hall","Texas",449,"2021-04-14",3.4106761256167,415.439100503494,0.116340926380445,4.71889262224764,4.21592587884283,4.22506261027981,5.95789634933191
48195,"Hansford","Texas",449,"2021-04-14",3.76120011569356,409.249131081501,0.106533486416778,4.98053305890144,4.51948584866699,4.50693452061101,6.50637845313941
48199,"Hardin","Texas",449,"2021-04-14",5.75075693247115,562.274411418459,-0.0486221564199951,5.16729105543121,5.41443506424508,5.41040183753118,-14.2557885457112
48201,"Harris","Texas",449,"2021-04-14",9.49350870137099,1710.06297657894,-0.00749844903215131,9.40352731298518,9.43877029595138,9.44101955814593,-92.4387400098232
48203,"Harrison","Texas",449,"2021-04-14",4.61370508843793,702.006814983405,-0.0178207557377828,4.38402735964919,4.47113904253567,4.48895979827345,-38.8954986398452
48209,"Hays","Texas",449,"2021-04-14",6.56103066589657,172.64487771611,0.0241787610665866,6.85117579869561,6.72493226088177,6.73028199336268,28.6676053686567
48213,"Henderson","Texas",449,"2021-04-14",4.20255814686233,634.733193483496,-0.0220946035697432,3.94903905477205,4.04484951327508,4.04789592187413,-31.3717862541402
48215,"Hidalgo","Texas",449,"2021-04-14",7.93671121079943,735.593389269997,-0.0272184195624907,7.61009017604954,7.74804620175223,7.746182273862,-25.4661068387366
48217,"Hill","Texas",449,"2021-04-14",4.1155467698727,692.072001542491,-0.0165425789868532,3.90523973210118,3.99939146239889,3.99974871696473,-41.9007931659753
48219,"Hockley","Texas",449,"2021-04-14",5.8183858573952,391.92002093692,0.110397950628041,7.07429836485176,6.56870512054592,6.59117151179148,6.27862362133277
48221,"Hood","Texas",449,"2021-04-14",4.50456027308886,540.696790268522,-0.0470227159029474,3.98267310668824,4.17769516437696,4.17540126176823,-14.7406879260349
48223,"Hopkins","Texas",449,"2021-04-14",3.99688922607139,576.727666009311,-0.030315575522403,3.65992867654872,3.78537485863473,3.78468019741457,-22.8643912779329
48227,"Howard","Texas",449,"2021-04-14",3.38196601973427,632.976902876331,-0.0182594248494433,3.23149645815759,3.25512198286661,3.25415004578817,-37.9610631920358
48231,"Hunt","Texas",449,"2021-04-14",3.54715129428523,469.437920720047,-0.152782568752072,2.05308004629554,3.0180379248286,2.47767331302072,-4.53682109301846
48233,"Hutchinson","Texas",449,"2021-04-14",5.82008293035236,396.104343828307,0.12151588255705,7.27827352103696,6.65278711769175,6.67069410825171,5.70416941369389
48239,"Jackson","Texas",449,"2021-04-14",3.68530163276605,386.568511047492,0.0634348441195839,4.40437567869294,4.12991310766245,4.12934554160314,10.9269154859632
48241,"Jasper","Texas",449,"2021-04-14",3.99426110366512,99.4384694310846,0.0116021954800089,4.13689657831171,4.07915260223277,4.07547647202518,59.7427600452234
48245,"Jefferson","Texas",449,"2021-04-14",6.00635315960173,-196.428062362159,0.00937865392320233,6.11889700668016,6.07112589082016,6.07200373706415,73.9068939141824
48249,"Jim Wells","Texas",449,"2021-04-14",4.37305796469112,261.566711931303,0.0242071399555676,4.70667381630014,4.54485629052316,4.54250794438009,28.6339973178253
48251,"Johnson","Texas",449,"2021-04-14",5.93451619523709,688.056858346869,-0.0243161213966074,5.6427227384778,5.76537119243076,5.76430334546084,-28.5056637633275
48255,"Karnes","Texas",449,"2021-04-14",4.75727796418555,315.681997420006,0.0370741273128829,5.20216749194015,5.02144919029362,5.01679685537573,18.6962507494838
48257,"Kaufman","Texas",449,"2021-04-14",5.65549218552842,761.605029383323,-0.0178448361542821,5.45347167726997,5.53007353938084,5.53057833244844,-38.8430117579765
48259,"Kendall","Texas",449,"2021-04-14",4.38381075646738,540.791784811208,-0.045291144956341,3.84031701699129,4.07018687494554,4.06677274177299,-15.3042538718797
48265,"Kerr","Texas",449,"2021-04-14",4.35487564560793,608.396356415738,-0.0264900983242901,4.03699446571645,4.17010584807956,4.1694449573379,-26.1662743593656
48273,"Kleberg","Texas",449,"2021-04-14",4.70307440096946,645.4779861587,-0.023369574590609,4.42801993081412,4.54043122198747,4.5394873788352,-29.6602395508938
48275,"Knox","Texas",449,"2021-04-14",3.34739467566918,418.981495241921,0.127150970609325,4.70693881049566,4.19526159522255,4.23745146993445,5.45137152503272
48277,"Lamar","Texas",449,"2021-04-14",3.79388276312392,761.418738621585,-0.0118690975887711,3.62504481413896,3.70534026077467,3.71079908000252,-58.3993159863901
48279,"Lamb","Texas",449,"2021-04-14",5.37461681321743,393.197246567971,0.105793809392799,6.64414252593102,6.10086521903203,6.11517347896702,6.55186900385047
48281,"Lampasas","Texas",449,"2021-04-14",3.75453342433537,310.136190830012,0.0280097465330658,4.08560832319885,3.9549216254775,3.95060165006683,24.7466423782763
48283,"La Salle","Texas",449,"2021-04-14",3.46126162240481,1483.79372888678,-0.00331354206380112,3.40563775357734,3.4436819166387,3.4380668279582,-209.186172142569
48285,"Lavaca","Texas",449,"2021-04-14",4.19397440317094,692.552008844994,-0.0168649394228507,3.98943529952448,4.07826572405381,4.07591982721098,-41.0998915075131
48287,"Lee","Texas",449,"2021-04-14",3.67810735713203,1013.79341884828,-0.00646892640616614,3.60832457637331,3.62995955338599,3.63282487228887,-107.150265289653
48289,"Leon","Texas",449,"2021-04-14",3.3770998300831,670.895049660844,-0.0149407184181893,3.21068642644548,3.27210218330049,3.27251480115577,-46.3931627087011
48291,"Liberty","Texas",449,"2021-04-14",5.32926217039746,945.334462920817,-0.0106301532500852,5.20170033139644,5.24974582032875,5.25485109764686,-65.2057561403819
48293,"Limestone","Texas",449,"2021-04-14",3.66356164612965,387.08789530323,0.0634184249310704,4.37029713855415,4.10270079555167,4.10749062064714,10.9297444916572
48299,"Llano","Texas",449,"2021-04-14",3.77111755235091,749.298504988377,-0.0123522306553531,3.62289078448667,3.68211975328905,3.68465193776344,-56.1151422686195
48303,"Lubbock","Texas",449,"2021-04-14",5.57919059707049,-386.445223415546,0.00671831258673966,5.65981034811137,5.63185776684473,5.62621878517767,103.172808887763
48309,"McLennan","Texas",449,"2021-04-14",6.42510053218284,924.096727885622,-0.0133829292286149,6.26450538143946,6.33297132192205,6.33142002758254,-51.793383101652
48321,"Matagorda","Texas",449,"2021-04-14",5.8047045837151,129.850368220845,0.0184775151600234,6.02643476563538,5.93821706877316,5.93404718983526,37.5130083540447
48323,"Maverick","Texas",449,"2021-04-14",4.47733681447821,47.5698919639248,0.0112941391779223,4.61286648461328,4.56117524688039,4.55639578872367,61.3722896132628
48325,"Medina","Texas",449,"2021-04-14",4.66478589566244,678.507010728801,-0.0198918824693779,4.42608330602991,4.52695656858529,4.5255427183768,-34.8457307460466
48329,"Midland","Texas",449,"2021-04-14",5.56123093067229,208.103679312453,0.023574894743858,5.84412966759859,5.72198864667838,5.7262551938793,29.40192047901
48331,"Milam","Texas",449,"2021-04-14",4.27864828022005,874.127263435759,-0.00997019459231449,4.16881018080646,4.20677631075669,4.20885691807385,-69.5219310056653
48337,"Montague","Texas",449,"2021-04-14",3.30111392310517,500.519137603643,-0.0595468562401513,2.65097468681966,2.89583499486769,2.88428592942411,-11.6403656603549
48339,"Montgomery","Texas",449,"2021-04-14",7.78072088611792,1304.79454714649,-0.00903899880861323,7.67225290041456,7.71607723460791,7.71744789445763,-76.684065927683
48341,"Moore","Texas",449,"2021-04-14",4.88063507450128,387.86371128996,0.0869426032011339,5.92394631291488,5.4842223365267,5.48923329690922,7.97246867518346
48347,"Nacogdoches","Texas",449,"2021-04-14",4.79105680894654,557.676139208369,-0.0421465475719976,4.28529823808257,4.49797509630489,4.49603097594256,-16.4461200380853
48349,"Navarro","Texas",449,"2021-04-14",3.99688922607139,400.757820712045,0.0905207777354027,5.0005650329442,4.56821624372516,4.63053467021921,7.65732683590118
48355,"Nueces","Texas",449,"2021-04-14",7.31740210768697,-72.1419240952984,0.0141771124686549,7.48752745731083,7.4151429074138,7.41664189496755,48.8919857335174
48357,"Ochiltree","Texas",449,"2021-04-14",3.93182563272433,387.948393483844,0.0698505050846709,4.75343908697676,4.43000505158526,4.42077916831703,9.92329518189927
48361,"Orange","Texas",449,"2021-04-14",5.47167025335923,487.330437310862,-0.126277752843902,3.95633721923241,4.68687146375418,4.58772598345192,-5.4890680658277
48363,"Palo Pinto","Texas",449,"2021-04-14",3.52636052461616,508.919458524704,-0.0553115826568809,2.92705900434656,3.14893145670817,3.13917944601799,-12.531682285423
48367,"Parker","Texas",449,"2021-04-14",5.34096626269539,755.615533824906,-0.0171396021152669,5.13529103731219,5.21879537616049,5.22098904788852,-40.4412643828256
48369,"Parmer","Texas",449,"2021-04-14",3.99688922607139,366.986367057119,0.0511206013321178,4.55043044279649,4.3684165096562,4.35473343539621,13.559057649904
48371,"Pecos","Texas",449,"2021-04-14",3.3964241029095,935.602658719408,-0.00690242379491101,3.31042080364743,3.35072859406146,3.34810713634512,-100.4208378325
48373,"Polk","Texas",449,"2021-04-14",4.68740828422507,161.65367922445,0.0166719598258706,4.90733003486278,4.80620451306887,4.80411200300616,41.5756268488819
48375,"Potter","Texas",449,"2021-04-14",5.22266974820872,-211.549754906611,0.00796685485597159,5.31827200648038,5.28177137413501,5.27843773220052,87.0038670329728
48381,"Randall","Texas",449,"2021-04-14",5.28029886104536,-47.4643492672554,0.010744011989716,5.40922700492195,5.35821878526583,5.35550694497337,64.5147437682884
48395,"Robertson","Texas",449,"2021-04-14",3.26902560855367,769.8353779916,-0.00996440529444848,3.12718290204474,3.2001212823023,3.19927477149253,-69.5623230968056
48397,"Rockwall","Texas",449,"2021-04-14",5.67822043660597,831.727975847105,-0.0146448561628813,5.50248216265139,5.57753482803527,5.5757064434658,-47.3304191485873
48401,"Rusk","Texas",449,"2021-04-14",4.00733318523247,619.732375147523,-0.0228036136304901,3.73368982166659,3.8480118511987,3.84770788981904,-30.3963745304453
48407,"San Jacinto","Texas",449,"2021-04-14",4.39797028507102,636.27397302331,-0.0230012775411738,4.14653168695923,4.23826681696579,4.2369613422828,-30.1351600718337
48409,"San Patricio","Texas",449,"2021-04-14",4.59800169650948,538.915074968992,-0.048687695809492,4.03694394811152,4.2617339863554,4.25718782584304,-14.2365985704506
48415,"Scurry","Texas",449,"2021-04-14",4.08236837117539,266.982922206613,0.0230620029551063,4.35911240663667,4.25474303428389,4.24380239186113,30.0558100659886
48419,"Shelby","Texas",449,"2021-04-14",4.13402304604028,331.875136127331,0.0368698155186609,4.57646083226421,4.39168120877636,4.39211175467091,18.7998548625534
48423,"Smith","Texas",449,"2021-04-14",6.05878936149424,1258.07182664536,-0.00744257344767891,5.96947848012209,6.00424462110618,6.00669134736049,-93.1327296173495
48427,"Starr","Texas",449,"2021-04-14",5.23339782044872,23.1700007731783,0.0124358953260554,5.38262856436138,5.32753533330992,5.32044908773111,55.7376177899858
48437,"Swisher","Texas",449,"2021-04-14",3.69953674858792,317.466901090599,0.0291528442728897,4.0386338591466,3.92566727446155,3.90360665849815,23.7763140389197
48439,"Tarrant","Texas",449,"2021-04-14",8.36334246659798,1661.93935121565,-0.00686679715065479,8.28094090079012,8.31190093262243,8.3152748865434,-100.941846009511
48441,"Taylor","Texas",449,"2021-04-14",4.77551555173533,112.750295691386,0.0143554242581446,4.92749513183285,4.87701732886292,4.87600352154234,48.2846879406357
48449,"Titus","Texas",449,"2021-04-14",3.12926366617852,538.683889303106,-0.0336555122140276,2.78276864634399,2.89683354158901,2.89367508068033,-20.5953537759869
48451,"Tom Green","Texas",449,"2021-04-14",4.92518114555523,1166.22553456385,-0.00683225795306042,4.85244405699046,4.87259562153273,4.87735533988381,-101.452138564156
48453,"Travis","Texas",449,"2021-04-14",7.74165769725592,-28.6039192746928,0.0163808580113704,7.93822799339237,7.85517782326167,7.85632370333551,42.3144611887125
48457,"Tyler","Texas",449,"2021-04-14",3.62624388312245,569.785752967829,-0.0288781958130771,3.28592725494337,3.42518310531977,3.42409651243091,-24.0024406319062
48459,"Upshur","Texas",449,"2021-04-14",3.72397077392521,602.163206696064,-0.023545114263404,3.44142940276436,3.55608839116152,3.55915497408138,-29.439108802173
48463,"Uvalde","Texas",449,"2021-04-14",4.20041910861358,16.2798348877214,0.00973984130105423,4.28280462506695,4.27619421547876,4.26859799772096,71.1661678188658
48465,"Val Verde","Texas",449,"2021-04-14",3.72397077392521,397.264604011311,0.0779616003809568,4.57910547028744,4.25373175713865,4.26970197659191,8.89087931972797
48467,"Van Zandt","Texas",449,"2021-04-14",4.48380932898382,-13.4202986795463,0.00982991236449229,4.61436039813373,4.55272407800777,4.55261871553527,70.5140752895966
48469,"Victoria","Texas",449,"2021-04-14",5.40524807737538,333.629773736983,0.0489737881346226,5.99293353499085,5.74161522877095,5.74806459431774,14.1534320084567
48471,"Walker","Texas",449,"2021-04-14",5.22035582507832,1452.41614551938,-0.0051767872304242,5.15823437831323,5.18048473741774,5.18411831446535,-133.895242301304
48473,"Waller","Texas",449,"2021-04-14",5.32370660055286,654.514002315579,-0.0252890854859724,5.02023757472119,5.15022226856505,5.14668300215105,-27.4089460824681
48477,"Washington","Texas",449,"2021-04-14",4.92621795228367,238.934376371397,0.0240095492105249,5.21164777242423,5.09204611989293,5.09428479675734,28.8696457597836
48479,"Webb","Texas",449,"2021-04-14",5.68745950062427,-106.926939214231,0.0103234369129527,5.8113407435797,5.76178449448721,5.75972355901494,67.1430635363556
48481,"Wharton","Texas",449,"2021-04-14",4.65803367554516,187.455024010013,0.0181567916408036,4.8759151752348,4.78827066160464,4.78513121703079,38.1756421658903
48483,"Wheeler","Texas",449,"2021-04-14",3.630038954091,411.120797937372,0.110405323924119,4.95490284118043,4.40116424736325,4.40287622155983,6.27820431047637
48485,"Wichita","Texas",449,"2021-04-14",4.83628190695148,635.55722367891,-0.0253601289670946,4.55359434947061,4.65914376290785,4.65876100418182,-27.3321630761153
48489,"Willacy","Texas",449,"2021-04-14",4.06044301054642,689.058791275384,-0.0166139956443582,3.87203774312861,3.94462547875085,3.94414504103591,-41.7206790827182
48491,"Williamson","Texas",449,"2021-04-14",7.37802672950341,31.4118758136685,0.0178823051294888,7.59261439105728,7.5027988437611,7.50320286540983,38.7616236016972
48493,"Wilson","Texas",449,"2021-04-14",4.4724547868809,10.9225598947931,0.0103073149410638,4.58755334832684,4.54672325243936,4.54460599146835,67.2480839601089
48495,"Winkler","Texas",449,"2021-04-14",3.13549421592915,649.103578580898,-0.0153371472013919,2.96165800981079,3.03733814723413,3.02813418551941,-45.1940097762796
48497,"Wise","Texas",449,"2021-04-14",4.79105680894654,641.963017698092,-0.0242017770018703,4.5006354849241,4.61973090559342,4.62164436993345,-28.640342422227
48499,"Wood","Texas",449,"2021-04-14",4.01251454397447,804.269223671997,-0.0111494219571521,3.88300052940887,3.93104121441116,3.93446859027441,-62.1688894028545
49001,"Beaver","Utah",449,"2021-04-14",4.13402304604028,522.865983112094,-0.0528228567636466,3.53205224829054,3.77569263096116,3.76426304869475,-13.1221070390305
49003,"Box Elder","Utah",449,"2021-04-14",5.01917019654609,180.265754342163,0.0190311659527821,5.24754418797948,5.15042638679647,5.15238835821556,36.4216875770881
49005,"Cache","Utah",449,"2021-04-14",5.93110774656709,-1448.04009157564,0.00313476853528396,5.9687249689905,5.95618589484936,5.95305112631408,221.115904653916
49007,"Carbon","Utah",449,"2021-04-14",3.90052862600241,585.642325315797,-0.0276505610561605,3.58468303160706,3.70500315197082,3.70697469860929,-25.06810545913
49011,"Davis","Utah",449,"2021-04-14",6.93091361412529,-721.182911919267,0.00594834814622266,7.00229379187996,6.97304164125131,6.97255205114885,116.527675166443
49013,"Duchesne","Utah",449,"2021-04-14",3.85318250540521,936.901127165652,-0.00781735381203591,3.75937425966078,3.79366939582546,3.79846102872096,-88.6677509073145
49015,"Emery","Utah",449,"2021-04-14",3.35739475900376,482.675836178405,-0.088773849563728,2.36811666788834,2.78197836335806,2.73597781205766,-7.80801084966307
49019,"Grand","Utah",449,"2021-04-14",3.99688922607139,249.710632723723,0.0205033894837238,4.22963124361644,4.13969538645829,4.14041295245746,33.8064680042384
49021,"Iron","Utah",449,"2021-04-14",5.92844867567457,668.313376982721,-0.0264293140044485,5.61129690762119,5.75067478354157,5.74344347764343,-26.2264537189
49025,"Kane","Utah",449,"2021-04-14",3.80666248977032,531.281594667233,-0.0440721404282532,3.31782101183714,3.50060538197918,3.49815750677255,-15.7275588120878
49027,"Millard","Utah",449,"2021-04-14",3.31158522297247,512.936267474613,-0.0489175267099576,2.78518138495468,2.97595561630681,2.96916253600277,-14.1697102690772
49029,"Morgan","Utah",449,"2021-04-14",4.33822401201549,351.015466715706,0.0466251481879009,4.89491942181782,4.65560204003908,4.6646000493308,14.8663802153837
49035,"Salt Lake","Utah",449,"2021-04-14",8.05470411421154,1567.15561004999,-0.00717149435228576,7.96864618198411,8.00312298266921,8.00450365374554,-96.6531027580074
49037,"San Juan","Utah",449,"2021-04-14",3.58747933967221,73.5245790215344,0.00964140571775365,3.68760071072201,3.66065018419814,3.65496917969649,71.8927510003636
49039,"Sanpete","Utah",449,"2021-04-14",4.22995712105045,569.05483244791,-0.0341577690560981,3.86170085743159,3.99343379424742,3.99085273765776,-20.2925190875778
49041,"Sevier","Utah",449,"2021-04-14",4.1061790198691,589.851501848229,-0.0282960794331157,3.78747272853931,3.9099401258562,3.90810646383729,-24.4962268429575
49043,"Summit","Utah",449,"2021-04-14",5.35185813347607,657.851932180505,-0.0250259984976836,5.05154615150387,5.18625106889228,5.17667614399228,-27.6970839195128
49045,"Tooele","Utah",449,"2021-04-14",5.37989735354046,791.479761650172,-0.0154826207085888,5.19410590503739,5.2723606158607,5.27151900858034,-44.7693703544278
49047,"Uintah","Utah",449,"2021-04-14",4.55987391107292,130.481118091136,0.0144908498033617,4.7170452258996,4.65922158069689,4.66130985969645,47.8334390298588
49049,"Utah","Utah",449,"2021-04-14",7.39677340990858,1038.99904813649,-0.0124315718370894,7.24759454786351,7.30968386922341,7.30975240704895,-55.7570023841999
49051,"Wasatch","Utah",449,"2021-04-14",4.63611498983751,-295.394460569904,0.00627015109940657,4.71135680303039,4.68211241746099,4.68000604753336,110.547125511146
49053,"Washington","Utah",449,"2021-04-14",5.52317373586592,291.25568789866,0.0360027845361239,5.93125397213649,5.76985096776657,5.77519322761879,19.2525991945003
49057,"Weber","Utah",449,"2021-04-14",6.81626636027959,-242.695009647586,0.00992619178021654,6.93538066164219,6.88544844324503,6.88574970274111,69.8301217533825
50001,"Addison","Vermont",449,"2021-04-14",4.32696685749085,267.257075439493,0.0244816977440562,4.62074723041952,4.49798630740557,4.49833874169924,28.3128722446641
50003,"Bennington","Vermont",449,"2021-04-14",5.14416668672078,217.872852290443,0.0227490008998303,5.41715469751875,5.30254882828028,5.30340969301959,30.4693460434614
50005,"Caledonia","Vermont",449,"2021-04-14",5.65248918026865,-388.468307279884,0.00679003528523306,5.73396960369145,5.70580645343934,5.70001942726528,102.083001257357
50007,"Chittenden","Vermont",449,"2021-04-14",7.15126152481523,-259.057348032585,0.0101716617354574,7.27332146564072,7.22544216013335,7.22246315696343,68.1449303552536
50009,"Essex","Vermont",449,"2021-04-14",3.38680864421006,84.0694095914551,0.00941030350660816,3.49997973913637,3.45724844778714,3.45268076875632,73.6583235676936
50011,"Franklin","Vermont",449,"2021-04-14",5.62967450250248,721.499950916765,-0.0203453052683828,5.40167755014225,5.49072874221344,5.4872573656238,-34.0691462436356
50013,"Grand Isle","Vermont",449,"2021-04-14",3.70306408910589,624.097147133279,-0.0205951260616378,3.46198193581155,3.56265210962308,3.55889820667443,-33.655884333287
50015,"Lamoille","Vermont",449,"2021-04-14",5.03137119257543,745.737311615907,-0.016674673627967,4.83127510903983,4.9164586182258,4.91464847717966,-41.5688604181967
50017,"Orange","Vermont",449,"2021-04-14",4.46918681011628,383.21789080545,0.0735279981122634,5.35152278746344,4.94858912279081,4.98388279690212,9.42698289570784
50019,"Orleans","Vermont",449,"2021-04-14",5.78645907322908,-190.059912413743,0.00912604465278549,5.89597160906251,5.85463331864241,5.85034138579858,75.9526396080453
50021,"Rutland","Vermont",449,"2021-04-14",6.08612516534351,-512.591476241438,0.0063623033619917,6.16247280568741,6.13637360846615,6.13066128887745,108.945949465534
50023,"Washington","Vermont",449,"2021-04-14",4.98848706087325,294.812604711291,0.0331906075714419,5.34990758249041,5.21933781880109,5.22082131387334,20.8838352557411
50025,"Windham","Vermont",449,"2021-04-14",4.95582705760126,159.099539349099,0.0173949422415073,5.16456636449935,5.07773604091953,5.07759165329181,39.847627599819
50027,"Windsor","Vermont",449,"2021-04-14",4.76095218754743,1563.99001211959,-0.00425088807581177,4.70994153063769,4.72938708659649,4.73119597101675,-163.059381521725
51001,"Accomack","Virginia",449,"2021-04-14",4.21318523943662,819.07985368306,-0.0112448833554043,4.08279060336326,4.13374151659291,4.13447105594879,-61.6411178891259
51003,"Albemarle","Virginia",449,"2021-04-14",5.6619679242232,965.537176653373,-0.010867125038889,5.53720421065469,5.58589522830399,5.58589804895098,-63.7838598598481
51005,"Alleghany","Virginia",449,"2021-04-14",3.38680864421006,395.163594571855,0.0681431010838219,4.14558132466646,3.85673003164305,3.86381035179681,10.1719347892212
51007,"Amelia","Virginia",449,"2021-04-14",3.58747933967221,225.778726377709,0.016486865191428,3.79562710240958,3.70343766894082,3.70288739601221,42.0423878349131
51009,"Amherst","Virginia",449,"2021-04-14",4.43759648582869,335.654640797772,0.0409578824465003,4.92909107518669,4.72387432923784,4.72430166295419,16.9234134959331
51011,"Appomattox","Virginia",449,"2021-04-14",3.95672318434605,390.573072551256,0.0721043506740733,4.71756612029137,4.36426593323502,4.46145363906456,9.61311174818167
51013,"Arlington","Virginia",449,"2021-04-14",6.69172919543679,2944.03953733583,-0.00267664934714106,6.6596094032711,6.67102496914026,6.6729926500068,-258.960771720172
51015,"Augusta","Virginia",449,"2021-04-14",5.55129707414801,303.157650680836,0.0394149707171397,6.02427672275369,5.82644170580419,5.82720186916799,17.5858859704424
51019,"Bedford","Virginia",449,"2021-04-14",5.31179752810473,1396.76332952288,-0.0055751490044907,5.24489574005084,5.27071375088068,5.27277148507329,-124.328009888458
51021,"Bland","Virginia",449,"2021-04-14",3.08452777233712,729.110680009419,-0.0108482953317922,2.96278531500877,3.00425609070398,3.00858970501457,-63.8945713921153
51023,"Botetourt","Virginia",449,"2021-04-14",4.43590586835078,551.708548526806,-0.041503048103998,3.97219649347184,4.1501707387973,4.14538453162279,-16.7011150319143
51025,"Brunswick","Virginia",449,"2021-04-14",3.54715129428523,190.962343374644,0.0140159743351368,3.71476099310578,3.64685656896777,3.64526311463119,49.4540846027585
51027,"Buchanan","Virginia",449,"2021-04-14",3.53888678443534,352.659143496934,0.0385591396744708,3.98473451998115,3.80930034000677,3.80880076215664,17.976209697927
51029,"Buckingham","Virginia",449,"2021-04-14",3.32708940950844,140.146358936197,0.0108807119344659,3.43671248186745,3.4038257353253,3.4032543930497,63.7042120713002
51031,"Campbell","Virginia",449,"2021-04-14",4.71081637512308,510.69079734898,-0.0713704941608513,3.90330923284765,4.23889481964213,4.21122291599712,-9.7119571429303
51033,"Caroline","Virginia",449,"2021-04-14",5.48361069373115,338.61662091626,0.0517714581696766,6.07710870004912,5.83786223682851,5.84601090091889,13.3885968266185
51035,"Carroll","Virginia",449,"2021-04-14",5.40332067555802,314.50951097592,0.0417275486121087,5.90405125890333,5.69242618630171,5.69541351584278,16.6112605128882
51036,"Charles City","Virginia",449,"2021-04-14",3.63381967693091,852.14586850817,-0.00893517753938211,3.53963366661322,3.56233825661585,3.57127343415524,-77.5750876247142
51037,"Charlotte","Virginia",449,"2021-04-14",3.16003532484527,351.559735502853,0.0340465474025851,3.55583041594066,3.4016360453992,3.39836115666337,20.3588097308015
51041,"Chesterfield","Virginia",449,"2021-04-14",7.19390045673034,-1279.93944491099,0.0041729426622069,7.24397576867682,7.22513553872054,7.22311105536579,166.105129322186
51043,"Clarke","Virginia",449,"2021-04-14",4.11321304652648,608.64654437182,-0.0249962370530248,3.81558920844309,3.93861936759566,3.93823938715531,-27.7300610923782
51045,"Craig","Virginia",449,"2021-04-14",3.45225255246244,754.961594819016,-0.0111128570604811,3.32231746979719,3.37235876592096,3.37446255303907,-62.3734451714379
51047,"Culpeper","Virginia",449,"2021-04-14",5.32370660055286,222.549185014423,0.0240401309920651,5.61218817245764,5.49135244521821,5.49198751749732,28.8329202860305
51051,"Dickenson","Virginia",449,"2021-04-14",3.03082359336526,499.403618847252,-0.0554793044682299,2.4080025850497,2.65368053211809,2.64246846208765,-12.4937972313058
51053,"Dinwiddie","Virginia",449,"2021-04-14",4.68609162834031,575.2492920991,-0.0358741350189248,4.27796520567432,4.44039473856094,4.43497268320784,-19.321641628273
51057,"Essex","Virginia",449,"2021-04-14",4.01766919456313,652.469111511747,-0.0193089632128914,3.79361484664977,3.88355442592875,3.88250645207289,-35.8976902549162
51059,"Fairfax","Virginia",449,"2021-04-14",8.2126458875794,-1367.14765729733,0.00453449825280101,8.26705986661301,8.24562326960576,8.24438737534901,152.860833088155
51061,"Fauquier","Virginia",449,"2021-04-14",5.64544689764324,195.698070900729,0.0227362184342362,5.91828151885408,5.8043588662551,5.80460042668289,30.4864761290384
51063,"Floyd","Virginia",449,"2021-04-14",3.67810735713203,610.102128191287,-0.0220253334260239,3.39415075507298,3.5268614216977,3.52393002314986,-31.4704511914886
51065,"Fluvanna","Virginia",449,"2021-04-14",5.04434635143857,583.460255250472,-0.036170494184016,4.61030042123038,4.79469880917894,4.79115289215046,-19.1633317762701
51067,"Franklin","Virginia",449,"2021-04-14",4.856484614269,1031.14266145021,-0.00827138774463045,4.75722796133344,4.79806119910279,4.79858490005659,-83.8005908996246
51069,"Frederick","Virginia",449,"2021-04-14",6.06012402969369,-111.935713170474,0.010900764038225,6.19093319815239,6.13693956753776,6.13642937796127,63.5870273064649
51071,"Giles","Virginia",449,"2021-04-14",4.07753744390572,612.074743539089,-0.0242602627738499,3.78641429061952,3.90974120398585,3.90771560448877,-28.5712973112183
51073,"Gloucester","Virginia",449,"2021-04-14",4.83059684331687,-162.034954939285,0.00794405157829349,4.90970155922597,4.88843168748002,4.88620520436492,87.2536102930042
51075,"Goochland","Virginia",449,"2021-04-14",4.43421238784445,36.0313532048874,0.0108690028576421,4.56464042213616,4.51094285663405,4.51029540784794,63.7728400331212
51077,"Grayson","Virginia",449,"2021-04-14",4.69787958409236,337.950560753042,0.0439946722646852,5.1935463906998,5.00182774302348,5.00584228994516,15.7552527358259
51079,"Greene","Virginia",449,"2021-04-14",4.72358794080257,-36.7702650550361,0.00982504178011475,4.84148844216395,4.7932653350253,4.79236323326337,70.5490313499563
51081,"Greensville","Virginia",449,"2021-04-14",3.97029191355212,743.468816919564,-0.0134140046458519,3.85610804569659,3.87370383974828,3.87639388103116,-51.6733964882209
51083,"Halifax","Virginia",449,"2021-04-14",4.6388812433304,564.126738758734,-0.0389479486886725,4.21131467304867,4.37054763761484,4.36624560250969,-17.7967570538968
51085,"Hanover","Virginia",449,"2021-04-14",6.38229934269342,-183.485235703289,0.0101712342849631,6.50435415411298,6.45420197791679,6.45349798268816,68.1477941752536
51087,"Henrico","Virginia",449,"2021-04-14",7.30854279753919,-369.149083629386,0.00898794937444737,7.41639819003256,7.37112164340212,7.37145844316032,77.1196133492423
51089,"Henry","Virginia",449,"2021-04-14",4.8553728854163,1119.43321183655,-0.00717439905421251,4.75973460753334,4.80352401890316,4.80515209203681,-96.6139707761249
51093,"Isle of Wight","Virginia",449,"2021-04-14",5.23110861685459,1062.90631320709,-0.00845218170379895,5.129682436409,5.16958409905758,5.171943344928,-82.0080784879957
51095,"James City","Virginia",449,"2021-04-14",5.66147127658448,1461.23075796293,-0.00556557224824969,5.59468440960548,5.61942747387224,5.62251227084673,-124.54194279446
51097,"King and Queen","Virginia",449,"2021-04-14",3.68530163276605,134.937244508438,0.011976504231879,3.84520944984341,3.77030275051687,3.7691371623892,57.8755843224212
51099,"King George","Virginia",449,"2021-04-14",4.73117331219182,283.524789381054,0.0294148344691113,5.07332977038141,4.9370969002609,4.9370771534756,23.5645446615661
51101,"King William","Virginia",449,"2021-04-14",4.57911950878815,656.822768527315,-0.021698329825873,4.35751866805061,4.43015395457152,4.42723120000704,-31.9447250605178
51103,"Lancaster","Virginia",449,"2021-04-14",3.0513021247088,311.447645862303,0.0230195996484458,3.32753732049015,3.21498039055283,3.21243932224792,30.1111744402881
51105,"Lee","Virginia",449,"2021-04-14",3.6959969218828,639.089827669024,-0.0190932707266718,3.49578364698438,3.56082590089094,3.5623440267961,-36.303218578034
51107,"Loudoun","Virginia",449,"2021-04-14",7.44383085128716,-1216.69766074883,0.00448235162078247,7.49761907073655,7.47659252035552,7.47520731263264,154.639180323596
51109,"Louisa","Virginia",449,"2021-04-14",4.68609162834031,-76.4590090824839,0.00900376695678957,4.79413683182178,4.7501852143989,4.74911799703784,76.9841316291795
51111,"Lunenburg","Virginia",449,"2021-04-14",3.33729357968267,560.934247164134,-0.0288383581992093,3.02613140708366,3.1365889643928,3.1354250722882,-24.0355978579581
51113,"Madison","Virginia",449,"2021-04-14",3.26902560855367,374.336442227267,0.0464403549810793,3.7924846119836,3.59039866471683,3.59410809342123,14.9255357940814
51115,"Mathews","Virginia",449,"2021-04-14",3.10394585819422,231.458530834603,0.0145522888833679,3.26759232559069,3.20746076442526,3.20581188037779,47.6314884974665
51117,"Mecklenburg","Virginia",449,"2021-04-14",4.62216776235667,595.369920320133,-0.0305355763719847,4.25574084589285,4.41374906456928,4.40841872775278,-22.699659312666
51121,"Montgomery","Virginia",449,"2021-04-14",6.04297210425391,678.22418301184,-0.0257999495464071,5.73337270969702,5.86268714892173,5.86237245742906,-26.8662223278058
51125,"Nelson","Virginia",449,"2021-04-14",3.47019025314911,869.820073706541,-0.008159440705183,3.37654035402298,3.40934932457551,3.41307416821283,-84.9503300048063
51127,"New Kent","Virginia",449,"2021-04-14",4.60230895370706,939.650605089957,-0.00928538955959063,4.49088427899197,4.53374013849377,4.53731122678993,-74.6492299662336
51131,"Northampton","Virginia",449,"2021-04-14",3.8255309740747,263.881789097625,0.0214205998185463,4.11528731359486,3.97802728831869,3.97547517280452,32.3589062132521
51133,"Northumberland","Virginia",449,"2021-04-14",3.30636327899132,356.291367235487,0.0372863569148203,3.71777166874639,3.56731646387223,3.56736777739506,18.5898338672084
51135,"Nottoway","Virginia",449,"2021-04-14",3.5305534028762,592.294861112762,-0.0239402258643455,3.26292975918912,3.36789957996229,3.36297182182578,-28.9532431518225
51137,"Orange","Virginia",449,"2021-04-14",4.65531996967356,879.853644504468,-0.0106809247286811,4.52714887292939,4.58068348794833,4.58055349657279,-64.8958023923399
51139,"Page","Virginia",449,"2021-04-14",3.99426110366512,-146.300054016812,0.00678387576896861,4.08592874209314,4.04325505271602,4.0417482340479,102.175688966859
51141,"Patrick","Virginia",449,"2021-04-14",3.27444567602301,327.098215510158,0.0277969217936557,3.58307282252679,3.46942207618415,3.4690241285786,24.9361129158606
51143,"Pittsylvania","Virginia",449,"2021-04-14",5.20007431865907,511.339187970965,-0.077222112047166,4.27340897409308,4.68836690642017,4.65951953432891,-8.97601946106554
51145,"Powhatan","Virginia",449,"2021-04-14",4.51399430532222,814.089362846712,-0.0121970387654505,4.36762984013681,4.42885983532199,4.42861503396407,-56.8291364723185
51147,"Prince Edward","Virginia",449,"2021-04-14",3.92338676407846,390.349250305026,0.0721287963523875,4.73530955513031,4.40877254498644,4.42828833854517,9.60985370078205
51149,"Prince George","Virginia",449,"2021-04-14",5.13579843705026,718.118714871487,-0.0187356723872649,4.91097036840308,5.00505638079062,5.00464873033941,-36.9961198206633
51153,"Prince William","Virginia",449,"2021-04-14",7.69841799796223,-276.472631597111,0.0106852330822015,7.82664079494865,7.77243095025247,7.77321462953764,64.8696359946071
51155,"Pulaski","Virginia",449,"2021-04-14",4.55987391107292,898.351408219374,-0.0100828198544995,4.4601495614601,4.48813998298122,4.48929417209142,-68.7453699027092
51161,"Roanoke","Virginia",449,"2021-04-14",5.69325102260386,818.86867495918,-0.0151873213285261,5.51100316666155,5.58845529793253,5.58693977330418,-45.6398574551801
51163,"Rockbridge","Virginia",449,"2021-04-14",3.55534806148941,537.9661509591,-0.0384103850433577,3.14835141886102,3.28807031575625,3.28647536618591,-18.0458274442581
51165,"Rockingham","Virginia",449,"2021-04-14",5.39167759448328,885.076519352886,-0.0122239052815451,5.24499073110474,5.30745683512302,5.30611025751246,-56.7042335976225
51167,"Russell","Virginia",449,"2021-04-14",4.56731996185699,802.356960593379,-0.0127451688235503,4.41437793597439,4.47715815819975,4.47810378009214,-54.3850921204871
51169,"Scott","Virginia",449,"2021-04-14",4.56285898791637,4.02201165840128,0.0103706528708745,4.68730682236686,4.63533722338812,4.63545355801249,66.8373716862725
51171,"Shenandoah","Virginia",449,"2021-04-14",4.99721227376411,242.799282592406,0.0247885069232629,5.28492745950277,5.17109312535126,5.17073182222695,27.9624417358295
51173,"Smyth","Virginia",449,"2021-04-14",4.90209512552105,239.520570111208,0.0239735367424835,5.18977756643085,5.06916426724024,5.06990988271843,28.9130130445717
51175,"Southampton","Virginia",449,"2021-04-14",3.84098723231139,137.916183321411,0.0126518115228932,4.02433649710004,3.92985588867225,3.92954991297164,54.7863979245745
51177,"Spotsylvania","Virginia",449,"2021-04-14",6.31354804627709,268.965587072127,0.0360703243474683,6.74639193844671,6.56170910678503,6.56604031670937,19.2165497011561
51179,"Stafford","Virginia",449,"2021-04-14",6.35660356945884,190.94944999945,0.0251198962793996,6.65804232481163,6.5306800757579,6.53244284341464,27.5935526504695
51183,"Sussex","Virginia",449,"2021-04-14",3.391627930646,545.419501332113,-0.0338764634087623,3.02921646490709,3.15835655135875,3.15449268678466,-20.4610254676307
51185,"Tazewell","Virginia",449,"2021-04-14",4.90315613357815,297.532907044654,0.0334761620145831,5.30487007775315,5.1364420443213,5.13748926768023,20.7056944060073
51187,"Warren","Virginia",449,"2021-04-14",5.45897742656081,123.22585350221,0.0170133861712645,5.66161506217984,5.57728717597157,5.57807112975966,40.7412829863738
51191,"Washington","Virginia",449,"2021-04-14",5.33685103055028,328.633901237263,0.0462601326367646,5.89197262219145,5.65545791636642,5.66067195900763,14.9836833802996
51193,"Westmoreland","Virginia",449,"2021-04-14",4.07995582477,-105.266780255119,0.0074411021026935,4.17644341872837,4.13464201711576,4.13204353948885,93.1511449505635
51195,"Wise","Virginia",449,"2021-04-14",4.37305796469112,28.0299597570824,0.0105129156949317,4.4992129530303,4.44811145473065,4.44664837455564,65.932915346607
51197,"Wythe","Virginia",449,"2021-04-14",5.59736319765013,-480.541641705953,0.00605420345082774,5.67001363906006,5.64261379869663,5.63974262180592,114.490235782409
51199,"York","Virginia",449,"2021-04-14",5.48004350802223,641.74719018684,-0.0278925343306961,5.18095987911676,5.29028847151941,5.28479576770736,-24.8506346659625
51510,"Alexandria city","Virginia",449,"2021-04-14",6.32282168306242,98.2791183280287,0.0182806232424844,6.53936066381466,6.45043258945741,6.45078604575981,37.9170431645383
51520,"Bristol city","Virginia",449,"2021-04-14",4.59656181145149,354.791342461338,0.0513287029950664,5.19490912333139,4.95544300940772,4.95586273241696,13.5040852410895
51540,"Charlottesville city","Virginia",449,"2021-04-14",5.15905529921453,1420.3266997358,-0.00528414853410296,5.09564551680529,5.11842280039917,5.12206625947581,-131.174810111127
51550,"Chesapeake city","Virginia",449,"2021-04-14",6.7670142860648,2149.16187949031,-0.00396854654532128,6.71939172752095,6.73854944973397,6.73923446024755,-174.660211904817
51570,"Colonial Heights city","Virginia",449,"2021-04-14",4.72865124275911,254.437469414606,0.0249450734180242,5.0279921237754,4.90392948687629,4.90326675668528,27.786936881056
51590,"Danville city","Virginia",449,"2021-04-14",4.49184150068109,382.483056262166,0.0730179561556878,5.36805697454934,4.89590108807283,5.00296719377091,9.49283186018008
51595,"Emporia city","Virginia",449,"2021-04-14",3.17805383034795,552.159992472151,-0.0297778067008377,2.86343366818973,2.97492269655252,2.96960918344209,-23.2773080812714
51600,"Fairfax city","Virginia",449,"2021-04-14",3.09751496786393,374.029432219672,0.044268827110115,3.62874089318531,3.40545274158972,3.40739675763474,15.6576811677391
51610,"Falls Church city","Virginia",449,"2021-04-14",3.47462485021697,695.416370343962,-0.0137608779424906,3.29457944973739,3.377724830959,3.37829870461954,-50.370854494658
51620,"Franklin city","Virginia",449,"2021-04-14",4.06780500698749,351.421553993614,0.0436805212027106,4.56804102812845,4.36711336418481,4.37356865540646,15.8685647852785
51630,"Fredericksburg city","Virginia",449,"2021-04-14",4.72738781871234,331.154719750141,0.0418926499029917,5.23009961754824,5.01859430360606,5.02063636803328,16.545794600366
51640,"Galax city","Virginia",449,"2021-04-14",4.36218829245422,375.721710268512,0.0630856227782629,5.06440590328476,4.79318555888916,4.80378765190206,10.9874033105175
51650,"Hampton city","Virginia",449,"2021-04-14",6.50128967054039,904.447593090378,-0.0141194997391686,6.33185567367037,6.40640197158265,6.40245317236621,-49.0914829395196
51660,"Harrisonburg city","Virginia",449,"2021-04-14",5.55129707414801,610.104977888582,-0.0337818134091346,5.20594560845091,5.32073247323778,5.31482438028407,-20.5183532383291
51670,"Hopewell city","Virginia",449,"2021-04-14",5.14499967302467,56.7856289671086,0.0132872126086137,5.30444622432803,5.23957194642327,5.23801016128497,52.166485249931
51680,"Lynchburg city","Virginia",449,"2021-04-14",5.84188672912586,105.210175626292,0.01720431802013,6.03509969675083,5.96405597027534,5.96231695526677,40.2891401884646
51683,"Manassas city","Virginia",449,"2021-04-14",4.79579054559674,1277.82957239472,-0.00575152369785047,4.72677226122253,4.75213684767323,4.75552987971179,-120.515400261499
51685,"Manassas Park city","Virginia",449,"2021-04-14",3.34235688163922,545.596466147344,-0.0333383258837456,2.98699618645213,3.1152594126643,3.108988600453,-20.7913013681918
51690,"Martinsville city","Virginia",449,"2021-04-14",3.47903986842609,1383.45303030313,-0.00369855112358994,3.43023244730452,3.44945145943737,3.45315001056096,-187.410463556646
51700,"Newport News city","Virginia",449,"2021-04-14",6.82375235905696,2054.19333909087,-0.0042378465948131,6.7728981999192,6.79310717081265,6.79408743289327,-163.561177841671
51710,"Norfolk city","Virginia",449,"2021-04-14",6.93161130479756,-700.996078384414,0.00605382973414026,7.00425726160724,6.97640862397278,6.97398811293654,114.497303525234
51730,"Petersburg city","Virginia",449,"2021-04-14",5.32300997913841,177.831643446614,0.0199986581728425,5.56299387721252,5.46542409969964,5.46300058634831,34.6596843932868
51735,"Poquoson city","Virginia",449,"2021-04-14",4.22160634183303,874.923338448603,-0.00979665282700058,4.10404650790902,4.14950273223061,4.15302977204403,-70.7534698636621
51740,"Portsmouth city","Virginia",449,"2021-04-14",6.10606792984699,1566.16346935945,-0.00544133550643246,6.0407719037698,6.06856996769531,6.06797858130196,-127.385488312666
51750,"Radford city","Virginia",449,"2021-04-14",4.42570169817654,858.419022962987,-0.0106792918590801,4.29755019586758,4.35047153347814,4.35094665516298,-64.9057249962315
51760,"Richmond city","Virginia",449,"2021-04-14",6.7344217797381,110.860036156892,0.0202149922274401,6.97700168646738,6.8760638230211,6.87592672533018,34.2887680965347
51770,"Roanoke city","Virginia",449,"2021-04-14",5.70521002664738,-297.465116385142,0.00769450902081805,5.7975441348972,5.76104362253986,5.75907158979311,90.0833540755603
51775,"Salem city","Virginia",449,"2021-04-14",4.24235397402728,276.288985003632,0.0252956192180886,4.54590140464434,4.41976960872404,4.4194233085539,27.4018664885769
51800,"Suffolk city","Virginia",449,"2021-04-14",5.95768614055899,-88.514947747239,0.0111878289346853,6.09194008777521,6.03641800867329,6.03600094310179,61.9554682688257
51810,"Virginia Beach city","Virginia",449,"2021-04-14",7.45958573769491,2339.38903008311,-0.00393564889281217,7.41235795098116,7.43130396626995,7.43203619544523,-176.120177240878
51820,"Waynesboro city","Virginia",449,"2021-04-14",4.35853865336667,-5.92609045028635,0.00963425015822418,4.45031151000855,4.42642985365012,4.42597840447424,71.9461472534266
51830,"Williamsburg city","Virginia",449,"2021-04-14",5.04158009794568,731.120040898781,-0.0176176380469832,4.84696530002596,4.91984397340586,4.9182566316168,-39.343933546111
51840,"Winchester city","Virginia",449,"2021-04-14",5.04434635143857,628.764389672763,-0.0273825138291429,4.73072328939787,4.85611370460069,4.85266875463457,-25.3134969595902
53001,"Adams","Washington",449,"2021-04-14",4.32129039948605,302.80715751515,0.030590796432896,4.68629105943075,4.53518581261156,4.53542597451632,22.6586837018263
53003,"Asotin","Washington",449,"2021-04-14",3.74782198974739,665.585885550533,-0.0169809934507951,3.55897654991269,3.6286689207132,3.62895503559182,-40.8190005236408
53005,"Benton","Washington",449,"2021-04-14",6.27932517504635,15.9547430922952,0.0146697693146038,6.4553624068216,6.38265936725454,6.38201356024858,47.2500395674194
53007,"Chelan","Washington",449,"2021-04-14",5.50591208747262,830.498907668758,-0.0142752979398746,5.3460834851291,5.40840073892202,5.4059850018935,-48.5557067515773
53009,"Clallam","Washington",449,"2021-04-14",4.46754880811204,361.473782662155,0.0541349034552601,5.11716764957516,4.83805479530151,4.84649313229886,12.8040716121864
53011,"Clark","Washington",449,"2021-04-14",7.04216128901732,152.681130925608,0.0241733785092342,7.33224183112813,7.20986858076156,7.21137493858196,28.6739886315504
53015,"Cowlitz","Washington",449,"2021-04-14",6.31922548088207,190.699125302448,0.0249475075379324,6.61859557133726,6.49326336555412,6.4938580336476,27.784225718983
53017,"Douglas","Washington",449,"2021-04-14",5.03416579150645,702.201298106655,-0.0195538609782448,4.81418595584095,4.90344798237223,4.89728876465874,-35.4480980166078
53021,"Franklin","Washington",449,"2021-04-14",5.74665949901259,154.336621898938,0.019839095769323,5.98472864824447,5.88323113928996,5.88553316939785,34.938446218489
53025,"Grant","Washington",449,"2021-04-14",5.6937321388027,1290.86797601146,-0.00673592501740485,5.62360808584575,5.64368535788265,5.64658066368087,-102.903042829149
53027,"Grays Harbor","Washington",449,"2021-04-14",4.7361984483945,2.85314945111366,0.0106732141916984,4.8365333962018,4.81277353224593,4.81091094773639,64.9426843789075
53029,"Island","Washington",449,"2021-04-14",4.16998197642772,48.2972729284461,0.0105465088636823,4.29984042480758,4.24770950461851,4.2438075384735,65.7229031444568
53033,"King","Washington",449,"2021-04-14",8.82688134413063,-12.7345549218358,0.0193260642292354,9.05879411488145,8.96270002858902,8.96216379373528,35.8659255365297
53035,"Kitsap","Washington",449,"2021-04-14",6.43546331921839,198.624182463203,0.0262269663890302,6.75018691588675,6.6181091449787,6.6190520839416,26.4287973789399
53037,"Kittitas","Washington",449,"2021-04-14",5.19295685089021,771.310618379953,-0.015865531269939,5.00257047565094,5.08412196540081,5.08189813200064,-43.6888729892882
53041,"Lewis","Washington",449,"2021-04-14",5.31390946130787,320.22372849582,0.0427776135971414,5.80818487806638,5.61081517387296,5.61335275648786,16.203502773382
53043,"Lincoln","Washington",449,"2021-04-14",4.04555439805267,54.8101507627585,0.0103948096436261,4.17029211377618,4.12871287520168,4.11831806555805,66.682046552432
53045,"Mason","Washington",449,"2021-04-14",4.60944674275535,215.310188129248,0.0201473446458993,4.84926059251671,4.75196020570318,4.75047815527665,34.4038975230924
53047,"Okanogan","Washington",449,"2021-04-14",4.53106221383437,1009.01556991056,-0.00805674438546108,4.45550508794945,4.4727432473182,4.47466500313614,-86.0331602192536
53049,"Pacific","Washington",449,"2021-04-14",3.64133850934494,395.093664257506,0.0724651801754917,4.41358859340879,4.10608196602009,4.14859477057338,9.56524469933455
53051,"Pend Oreille","Washington",449,"2021-04-14",3.3770998300831,553.991611789024,-0.0307981928822473,3.01796456072065,3.16899647359613,3.16151247990737,-22.5060990821799
53053,"Pierce","Washington",449,"2021-04-14",8.26285378433355,-136.906922168669,0.014224058053029,8.4335424809699,8.36430064179249,8.36242219070475,48.730620894249
53055,"San Juan","Washington",449,"2021-04-14",3.34235688163922,380.156927442701,0.0517797662837583,3.92713657125904,3.7100749962744,3.70481524562553,13.3864486131789
53057,"Skagit","Washington",449,"2021-04-14",5.59683339631324,313.401813167254,0.0427316568258716,6.09345678372842,5.89092933950219,5.89595499409434,16.2209292137787
53061,"Snohomish","Washington",449,"2021-04-14",7.40000951716269,227.720308666391,0.0342149994367629,7.81058951040384,7.63609329274493,7.63951451322003,20.2585764129863
53063,"Spokane","Washington",449,"2021-04-14",7.34821974865055,154.835191531149,0.0254118742441721,7.65316223958061,7.52391649652399,7.52610286835975,27.2765075845954
53065,"Stevens","Washington",449,"2021-04-14",4.99043258677874,312.46327779527,0.0379394628597434,5.44570614109566,5.25429988544535,5.25600882679694,18.2698206119156
53067,"Thurston","Washington",449,"2021-04-14",6.28226674689601,149.841557619138,0.0213567446715061,6.53854768295408,6.43180023671639,6.43176395959655,32.4556570405008
53071,"Walla Walla","Washington",449,"2021-04-14",4.36763789722178,345.331240323232,0.0442656613048535,4.89882583288002,4.67541568992488,4.67749752635575,15.6588009786255
53073,"Whatcom","Washington",449,"2021-04-14",6.28173255884912,-138.904123160878,0.0107766136989829,6.41105192323691,6.35774129826673,6.357168854742,64.3195719844135
53075,"Whitman","Washington",449,"2021-04-14",5.71702770140622,1210.3185535746,-0.00746038011834418,5.62750313998609,5.65922259528367,5.66480504057781,-92.910437479664
53077,"Yakima","Washington",449,"2021-04-14",6.95695352314091,-41.4978634671421,0.0143295244874167,7.12890781698991,7.05693091829904,7.05726019455283,48.3719596675119
54001,"Barbour","West Virginia",449,"2021-04-14",3.36729582998647,632.220906137703,-0.017995110992501,3.17111476514706,3.23800513179426,3.24133005303896,-38.5186388041062
54003,"Berkeley","West Virginia",449,"2021-04-14",6.94215670569947,98.2803401318337,0.0200803064203717,7.18312038274393,7.08215974083264,7.08271885064207,34.5187551449284
54005,"Boone","West Virginia",449,"2021-04-14",5.00394630594546,-655.489278684581,0.00455115516172394,5.05856016788615,5.04035554723925,5.03580439207753,152.301373152346
54007,"Braxton","West Virginia",449,"2021-04-14",3.79709303875417,582.528516758316,-0.0274101905341178,3.46817075234476,3.60624944980176,3.60522170501535,-25.287937334736
54009,"Brooke","West Virginia",449,"2021-04-14",3.74444930526875,376.117044991087,0.0542986334752716,4.33753529495056,4.11610003243749,4.12453973959565,12.7654627049798
54011,"Cabell","West Virginia",449,"2021-04-14",5.89164421182577,862.245994179029,-0.0140865526360639,5.722605580193,5.79383651521369,5.79303834337332,-49.2063032359936
54013,"Calhoun","West Virginia",449,"2021-04-14",3.25258688221051,394.67547882489,0.0646054886493318,3.9619006567043,3.68292154849588,3.70482530275583,10.7289209485317
54015,"Clay","West Virginia",449,"2021-04-14",3.85014760171006,388.988580708426,0.068173337013436,4.56839207111311,4.31320935256155,4.32736096080411,10.1674233787813
54017,"Doddridge","West Virginia",449,"2021-04-14",3.43858491373377,595.359468979653,-0.0228308924299114,3.18170104536403,3.27861448296552,3.27876866672439,-30.3600563441766
54019,"Fayette","West Virginia",449,"2021-04-14",5.76384671539885,1374.34494807225,-0.00619538669752766,5.68950207502852,5.714731951797,5.72047900851616,-111.881181014343
54023,"Grant","West Virginia",449,"2021-04-14",4.34194841110647,153.439685811028,0.0148814922804507,4.50254897997393,4.44790381043024,4.44611885706963,46.5778006329721
54025,"Greenbrier","West Virginia",449,"2021-04-14",4.66881545114845,229.928439675947,0.0218189755600169,4.93264984952538,4.82168618956725,4.82154828006857,31.768090057818
54027,"Hampshire","West Virginia",449,"2021-04-14",4.460969837014,239.552560112299,0.0218196414661114,4.72280553460734,4.6138413816713,4.61370732727678,31.7671205384601
54029,"Hancock","West Virginia",449,"2021-04-14",4.20255814686233,368.245856542718,0.0554762809671547,4.86827351846819,4.58694497412877,4.59089211363241,12.4944781531107
54031,"Hardy","West Virginia",449,"2021-04-14",4.3640081291712,697.649379921179,-0.0171905040701176,4.15407464907642,4.24271529153885,4.24367460068038,-40.3215157468738
54033,"Harrison","West Virginia",449,"2021-04-14",5.6368283398591,1575.12526984675,-0.00498338114276483,5.57702776614592,5.59747032610593,5.60194467185975,-139.09174528348
54035,"Jackson","West Virginia",449,"2021-04-14",4.94368115929915,165.022756168497,0.0176875758203687,5.14668206227161,5.06875429172016,5.06749419004173,39.1883651891816
54037,"Jefferson","West Virginia",449,"2021-04-14",6.02965450943989,1521.95543274051,-0.00559360278384661,5.96253127603373,5.98833739952803,5.99049928995296,-123.917841031122
54039,"Kanawha","West Virginia",449,"2021-04-14",7.01519933684334,60.2906572737279,0.0182825867282773,7.23459037758267,7.14320355158082,7.14317744394128,37.91297100688
54041,"Lewis","West Virginia",449,"2021-04-14",3.96759285658296,113.693546056273,0.012067659653215,4.13083778329179,4.05326446157177,4.05206647415546,57.4384098059381
54043,"Lincoln","West Virginia",449,"2021-04-14",4.12713438504509,542.142629997187,-0.042359891309336,3.64899244378119,3.83770352998438,3.83061514587974,-16.3632898748061
54045,"Logan","West Virginia",449,"2021-04-14",4.60517018598809,531.336144321214,-0.0527292591375539,3.97241907633744,4.24965875581874,4.23606537202521,-13.1453995731619
54047,"McDowell","West Virginia",449,"2021-04-14",3.99426110366512,311.629936422513,0.0301749579603923,4.35636059918983,4.20628615866835,4.20548580938787,22.9709410521722
54049,"Marion","West Virginia",449,"2021-04-14",5.39297798478357,178.70375774751,0.0203281355928552,5.63691561189783,5.53459113431402,5.53527493393356,34.097921936509
54051,"Marshall","West Virginia",449,"2021-04-14",4.57618264911484,6.87055519201792,0.010460442407778,4.69809269105119,4.65100350111921,4.64940574596929,66.263658222003
54053,"Mason","West Virginia",449,"2021-04-14",4.45600704767187,960.434519232036,-0.0086858291527192,4.38143205278352,4.39148320379225,4.39520624360284,-79.8020739727476
54055,"Mercer","West Virginia",449,"2021-04-14",5.09111746563097,339.311685098754,0.0486311912693739,5.67469176086346,5.41948745154743,5.43153580451659,14.2531400623217
54057,"Mineral","West Virginia",449,"2021-04-14",4.62497281328427,359.242143949994,0.0542267891351447,5.24686785719237,4.998162504549,5.00456033723028,12.7823754940105
54059,"Mingo","West Virginia",449,"2021-04-14",4.93344565540513,31.4590522756858,0.0119486645572314,5.07269737516696,5.01765357637283,5.01708630730575,58.0104309766104
54061,"Monongalia","West Virginia",449,"2021-04-14",6.06577658007253,-606.563324212466,0.00577383241949706,6.13506256910649,6.11130388948711,6.10619340700901,120.049757284144
54063,"Monroe","West Virginia",449,"2021-04-14",3.8859723282282,326.657873025303,0.0328324254920794,4.24661574688382,4.1128070056467,4.11579930667276,21.111665378702
54065,"Morgan","West Virginia",449,"2021-04-14",4.54481338544719,16.9344430851656,0.0106395577712589,4.67146335816536,4.62536710205885,4.619290289846,65.1481194483826
54067,"Nicholas","West Virginia",449,"2021-04-14",4.87846352098777,741.304559014314,-0.0164089764958932,4.68155580303705,4.76229447720638,4.76360068551652,-42.2419509671078
54069,"Ohio","West Virginia",449,"2021-04-14",5.40973095391894,62.150011243872,0.014167162794848,5.57973690745712,5.51085338245083,5.50890109348288,48.9263228352267
54071,"Pendleton","West Virginia",449,"2021-04-14",3.72741311811618,576.722321060309,-0.0280842972631744,3.39040155095809,3.5331979474955,3.53082303727396,-24.6809515675095
54075,"Pocahontas","West Virginia",449,"2021-04-14",3.16003532484527,153.273007209206,0.0108463052560221,3.28346937304655,3.24072672081706,3.23595946163742,63.9062947426355
54077,"Preston","West Virginia",449,"2021-04-14",4.81566261974874,1071.7225233427,-0.00767715457382126,4.72699698628517,4.75771159113466,4.76192253773199,-90.2869903028324
54079,"Putnam","West Virginia",449,"2021-04-14",5.74025215443759,-181.894578985775,0.00917127635733693,5.85030747072563,5.80717370176976,5.80445108893895,75.578049723192
54081,"Raleigh","West Virginia",449,"2021-04-14",6.69791569329429,-420.248273055041,0.00774999025409418,6.79091557634342,6.75656198055384,6.75216562507295,89.4384583508048
54083,"Randolph","West Virginia",449,"2021-04-14",3.78093759853188,344.791636119154,0.0377041529830403,4.19301716475703,4.04269843114883,4.04486666941316,18.3838417182248
54087,"Roane","West Virginia",449,"2021-04-14",3.99688922607139,372.792445565804,0.0557320299196699,4.63732591326915,4.38326847879033,4.38701343550908,12.4371421884152
54089,"Summers","West Virginia",449,"2021-04-14",3.41538201665411,669.582052035068,-0.0152305291791482,3.25296767566246,3.30752402519566,3.30876831240007,-45.5103806576148
54091,"Taylor","West Virginia",449,"2021-04-14",4.07268306544092,260.395606832338,0.0220668026670909,4.31636354484686,4.22707636090044,4.22715068411056,31.4113100577849
54095,"Tyler","West Virginia",449,"2021-04-14",3.07136968775961,530.634652639836,-0.0360284061970125,2.68896758168094,2.82210840671689,2.81917084438052,-19.2389076766161
54097,"Upshur","West Virginia",449,"2021-04-14",4.2257904483556,681.529387895525,-0.0163620632619566,3.69012611217694,4.10940196874953,4.1112560055219,-42.363066898267
54099,"Wayne","West Virginia",449,"2021-04-14",4.82717022660022,644.769085474669,-0.0241575641984091,4.5602013010293,4.66099940565961,4.65806727721136,-28.6927595376355
54101,"Webster","West Virginia",449,"2021-04-14",3.71705033108063,491.543725155483,-0.0801416478941317,2.84853270625651,3.19370018358397,3.15605879582171,-8.64902580335761
54103,"Wetzel","West Virginia",449,"2021-04-14",4.17218704898604,510.787377884696,-0.0643270219702104,3.52430886087907,3.74200919237093,3.72189789519457,-10.775365613551
54107,"Wood","West Virginia",449,"2021-04-14",5.44488837268036,830.989273233539,-0.0140698689841837,5.27604994487015,5.34763428030823,5.34639928979107,-49.2646506757902
54109,"Wyoming","West Virginia",449,"2021-04-14",4.46918681011628,275.522963040508,0.0264780048266794,4.77867185571824,4.65447529510376,4.65453284390304,26.1782254779833
55001,"Adams","Wisconsin",449,"2021-04-14",4.16333743370905,352.56015155831,0.0452568033591687,4.68135688042779,4.47992948650564,4.48013505722323,15.3158669881955
55003,"Ashland","Wisconsin",449,"2021-04-14",3.57954279007647,148.697372737198,0.0121833820222352,3.74398530437926,3.66900980358728,3.66482646423212,56.8928380719675
55005,"Barron","Wisconsin",449,"2021-04-14",4.64713438508712,299.121719293679,0.0320761287505007,5.03204793009313,4.87314297464242,4.87166728634062,21.6094400278626
55007,"Bayfield","Wisconsin",449,"2021-04-14",4.27468002104443,325.697316825581,0.0358913443387564,4.67673847007696,4.53153601150788,4.52591943141573,19.3123772132287
55009,"Brown","Wisconsin",449,"2021-04-14",6.67528263237941,82.2323296132216,0.0184518495675488,6.89670482719,6.80397401125643,6.80444557935225,37.5651870573984
55013,"Burnett","Wisconsin",449,"2021-04-14",3.74106520728451,383.911507289313,0.0616006698134822,4.44069943682265,4.1672960751697,4.17226989597889,11.2522669422052
55015,"Calumet","Wisconsin",449,"2021-04-14",5.16560196744084,155.175431466525,0.0178497717367702,5.36964988113489,5.29195240212598,5.29055036959823,38.8322714027808
55017,"Chippewa","Wisconsin",449,"2021-04-14",4.48542093287817,263.906337204415,0.0249073839300365,4.78455060977658,4.66022890845429,4.65977262038843,27.828983666328
55019,"Clark","Wisconsin",449,"2021-04-14",3.16607763930123,389.179670257168,0.0570827837541191,3.81429043308901,3.54119004237007,3.56565712558006,12.1428412381855
55021,"Columbia","Wisconsin",449,"2021-04-14",4.84306159393686,135.813445675837,0.0157346813857946,5.03803341630611,4.95419118838866,4.95320436363742,44.0521904171333
55023,"Crawford","Wisconsin",449,"2021-04-14",3.08452777233712,396.322949021714,0.0646962785878254,3.86088311539102,3.52748713724855,3.5374017224519,10.713864780012
55025,"Dane","Wisconsin",449,"2021-04-14",7.22058282314059,225.171295758609,0.0329965067799128,7.61654090449954,7.44436828155016,7.45155837059998,21.0066836827076
55027,"Dodge","Wisconsin",449,"2021-04-14",5.10247625966657,224.749341129621,0.0232723417386999,5.38174436053097,5.26580689949281,5.26538265183747,29.7841613165769
55029,"Door","Wisconsin",449,"2021-04-14",4.5417738694293,795.012847424011,-0.0129390530938117,4.38650523230356,4.45336747210982,4.45120049777262,-53.5701627881451
55031,"Douglas","Wisconsin",449,"2021-04-14",5.45897742656081,318.81085775572,0.043605837764339,5.98224747973288,5.76240419131502,5.76421829091118,15.8957427743036
55033,"Dunn","Wisconsin",449,"2021-04-14",5.34710753071747,181.889023847046,0.0204001664073663,5.59190952760587,5.49177074097749,5.48990869556903,33.9775258063414
55035,"Eau Claire","Wisconsin",449,"2021-04-14",5.21415905854081,-406.394005896356,0.00613146261895959,5.28773660996832,5.26087703614627,5.25707929687353,113.047607664868
55039,"Fond du Lac","Wisconsin",449,"2021-04-14",5.07695793702733,263.907372872177,0.0281908150155637,5.41524771721409,5.27354934629239,5.27429364213628,24.5876956795066
55043,"Grant","Wisconsin",449,"2021-04-14",4.91580119142541,325.210103704495,0.0413823173916807,5.41238900012558,5.20407245535366,5.20547741316717,16.7498396476775
55045,"Green","Wisconsin",449,"2021-04-14",4.97870224699324,1150.36571536138,-0.00704833507448207,4.89412222609946,4.92231556639738,4.92936390147187,-98.3419734214153
55047,"Green Lake","Wisconsin",449,"2021-04-14",3.21314515015922,371.483761353525,0.0439186903321969,3.71184251315659,3.52343318601902,3.5205759824846,15.7825102551338
55049,"Iowa","Wisconsin",449,"2021-04-14",3.59926729542425,328.745169488283,0.0312159126358411,3.97237567174253,3.82127004849613,3.81777868387514,22.2049308199337
55053,"Jackson","Wisconsin",449,"2021-04-14",3.05803615689015,391.799750875344,0.0581582028234862,3.73377110991009,3.46099789614188,3.46514357665455,11.9183046742983
55055,"Jefferson","Wisconsin",449,"2021-04-14",5.71796710964816,-249.635925009814,0.00824347024639368,5.81688875260488,5.77873717118414,5.77567140137292,84.0843916265945
55057,"Juneau","Wisconsin",449,"2021-04-14",3.15395627876888,604.048414959475,-0.0198990925963037,2.94602911801459,3.01289092259101,3.01466263059475,-34.8331049370914
55059,"Kenosha","Wisconsin",449,"2021-04-14",6.00635315960173,113.449140909047,0.0181707383127661,6.22440201935492,6.13325263226223,6.13354832779109,38.1463410362893
55061,"Kewaunee","Wisconsin",449,"2021-04-14",3.56751859710967,379.211121931581,0.0540836675552237,4.15302415339096,3.94208030674418,3.94610426999624,12.8162014873009
55063,"La Crosse","Wisconsin",449,"2021-04-14",5.28029886104536,-341.00976099904,0.00672641172553754,5.36101580175181,5.33192595303482,5.32738374312412,103.048580557199
55065,"Lafayette","Wisconsin",449,"2021-04-14",3.61861025826738,385.922071527984,0.0617614858905773,4.32811699056532,4.04534996336251,4.05094065950142,11.2229680125895
55069,"Lincoln","Wisconsin",449,"2021-04-14",4.33448568990488,378.281144016277,0.0653729140626808,5.08070809327377,4.77960868063406,4.79209608834365,10.6029720488725
55071,"Manitowoc","Wisconsin",449,"2021-04-14",4.74368912012365,249.733591476146,0.0244184733540342,5.03671080037206,4.91639443020616,4.91461843360189,28.3861800248635
55073,"Marathon","Wisconsin",449,"2021-04-14",5.85589025285366,329.630299139826,0.0512014126889512,6.47030720512107,6.20480024249166,6.21430014167632,13.5376573449412
55075,"Marinette","Wisconsin",449,"2021-04-14",4.03802613163188,368.874751015162,0.0534717176412625,4.65873671314197,4.4087896180452,4.41232815512072,12.9628747894394
55077,"Marquette","Wisconsin",449,"2021-04-14",3.44771739729705,388.938553140763,0.0615141135995939,4.12522546025221,3.87407892853102,3.87831619249421,11.2680999529923
55079,"Milwaukee","Wisconsin",449,"2021-04-14",8.0604949374875,111.231203841671,0.0242225083317379,8.35116503746835,8.22947524939867,8.23005249580966,28.6158299985696
55081,"Monroe","Wisconsin",449,"2021-04-14",4.05302641289137,369.303056329439,0.0538956263141332,4.67258607864604,4.42542611417819,4.4302957970903,12.8609170718215
55083,"Oconto","Wisconsin",449,"2021-04-14",4.34380542185368,320.000293734704,0.035030771867799,4.76417468426727,4.59008606764044,4.58902082492827,19.7868086714099
55085,"Oneida","Wisconsin",449,"2021-04-14",4.51711930786536,-74.4110970235046,0.00871339239032639,4.62168001654928,4.58213527341209,4.57811305459764,79.5496345751028
55087,"Outagamie","Wisconsin",449,"2021-04-14",6.5994816967196,50.3249246371725,0.0167637783281993,6.80064703665799,6.71573956104066,6.716828145017,41.3479089850504
55089,"Ozaukee","Wisconsin",449,"2021-04-14",5.45409936810738,147.331636616071,0.018384499465651,5.67471336169519,5.5826677411766,5.58279086436694,37.7028040309175
55093,"Pierce","Wisconsin",449,"2021-04-14",5.15163870155948,5.11313992728456,0.0117379652257212,5.29249428426813,5.23473150726103,5.23380445813953,59.0517323258947
55095,"Polk","Wisconsin",449,"2021-04-14",5.05442431121992,364.283115379843,0.0629727692922495,5.77566621538902,5.48640982344735,5.49523369626567,11.0070938335763
55097,"Portage","Wisconsin",449,"2021-04-14",4.53566698022112,340.014178715238,0.0433919895926988,5.03285555008902,4.83897741742268,4.83941090737001,15.9740815543654
55099,"Price","Wisconsin",449,"2021-04-14",3.2188758248682,400.465268662515,0.0716969729719568,3.98167213170857,3.68391144006864,3.7207546356719,9.66773284600257
55101,"Racine","Wisconsin",449,"2021-04-14",6.344382442169,277.036585668045,0.0379986386092653,6.80036610548018,6.60320092629741,6.61037291243386,18.2413687944845
55103,"Richland","Wisconsin",449,"2021-04-14",3.17208366336144,355.765722820269,0.0357080464132113,3.57917022172852,3.42735055748276,3.42203998825392,19.411512255218
55105,"Rock","Wisconsin",449,"2021-04-14",6.4707995037826,239.410315128483,0.0316281806086475,6.85033767108637,6.69237581596928,6.69219676804313,21.9154933107481
55109,"St. Croix","Wisconsin",449,"2021-04-14",6.24721357245675,280.788254578058,0.0382767401715249,6.70653445451505,6.51134871800191,6.51515075365742,18.1088352209156
55111,"Sauk","Wisconsin",449,"2021-04-14",5.29903139728169,285.741582533366,0.0334834094900443,5.70083231116222,5.53351386017884,5.533415263712,20.7012126637235
55113,"Sawyer","Wisconsin",449,"2021-04-14",3.71705033108063,260.406081540304,0.0201497995080381,3.94117824195443,3.86073514465222,3.8580989276369,34.3997060756578
55115,"Shawano","Wisconsin",449,"2021-04-14",3.98898404656427,347.767115598016,0.0410888933058515,4.44716943937767,4.27444520921727,4.27660629970523,16.86945363557
55117,"Sheboygan","Wisconsin",449,"2021-04-14",5.89322149921902,220.723974352742,0.0263943317789498,6.20995348056642,6.07721793479831,6.07798182167167,26.2612134440452
55119,"Taylor","Wisconsin",449,"2021-04-14",3.53472877428668,-214.397251258953,0.00538667088038806,3.6112093516488,3.57782214132978,3.5724354704494,128.678212564197
55121,"Trempealeau","Wisconsin",449,"2021-04-14",4.25662536813261,1106.13933263187,-0.00646003167168538,4.19992067981029,4.21099962366784,4.21140514643081,-107.297799111116
55123,"Vernon","Wisconsin",449,"2021-04-14",3.59926729542425,262.955405811111,0.0197294145020552,3.80865681613363,3.74135425447255,3.73737319693864,35.1326786959511
55125,"Vilas","Wisconsin",449,"2021-04-14",3.64133850934494,338.775934657158,0.0345753402715174,4.05306194723937,3.88365215803845,3.88336589124556,20.0474434992314
55127,"Walworth","Wisconsin",449,"2021-04-14",5.98285617257138,-323.007328340015,0.00780025946495152,6.0764592861508,6.03984013859445,6.03745798882604,88.8620671753839
55129,"Washburn","Wisconsin",449,"2021-04-14",3.97029191355212,350.78760926408,0.0425795578649188,4.47989707944657,4.26965704471607,4.26834881860655,16.2788721939978
55131,"Washington","Wisconsin",449,"2021-04-14",6.10031895202006,131.511280366372,0.0195217253255486,6.33457965592664,6.23741376038185,6.2369710292989,35.5064508387896
55133,"Waukesha","Wisconsin",449,"2021-04-14",7.36833968631138,-294.991770683637,0.00997080072961431,7.48798929506675,7.44096029719009,7.43813529141868,69.5177046815535
55135,"Waupaca","Wisconsin",449,"2021-04-14",4.70177822450801,-227.587249770768,0.00700099387847649,4.78579015104973,4.75388753512017,4.75078518165735,99.0069685235582
55139,"Winnebago","Wisconsin",449,"2021-04-14",6.34738920965601,118.155067038677,0.0194797849147755,6.58114662863331,6.48300946392872,6.48374770405944,35.5828970182413
55141,"Wood","Wisconsin",449,"2021-04-14",4.64026150579937,369.704380960027,0.0616610166105396,5.32107559904057,5.06209067470154,5.07188862207315,11.2412545018187
56001,"Albany","Wyoming",449,"2021-04-14",4.85091356921954,357.683543042882,0.0556999969512543,5.47622635276959,5.23309171839209,5.24081354787832,12.4442947665967
56005,"Campbell","Wyoming",449,"2021-04-14",4.13630876132113,-12.4672229932431,0.00905945612918692,4.24405825466931,4.20191153106687,4.19972495422544,76.5109042613307
56007,"Carbon","Wyoming",449,"2021-04-14",3.06472514504094,-1790.4913503961,0.00137688894361584,3.09316910228901,3.07574025658987,3.07436336764625,503.415459739021
56013,"Fremont","Wyoming",449,"2021-04-14",4.66074003714291,566.303762934718,-0.0384772108314728,4.24418114194394,4.39913519364626,4.3913995613226,-18.0144861226006
56021,"Laramie","Wyoming",449,"2021-04-14",5.82220022947068,871.814161286739,-0.0136091807058449,5.65889006100054,5.72927340793786,5.72693596452977,-50.9323224918494
56023,"Lincoln","Wyoming",449,"2021-04-14",4.35670882668959,657.366090674007,-0.0204360528148769,4.11512806413931,4.21675090158077,4.21365645698545,-33.9178601092356
56025,"Natrona","Wyoming",449,"2021-04-14",4.33261127511053,343.720094381504,0.0432331643794782,4.85421561611675,4.6284661695717,4.63524342576688,16.0327653667879
56033,"Sheridan","Wyoming",449,"2021-04-14",3.67810735713203,-79.577673066489,0.00706961276133486,3.78632675219688,3.73104761875252,3.72759464646137,98.0459897819166
56035,"Sublette","Wyoming",449,"2021-04-14",3.96759285658296,348.897271172476,0.0417332124324793,4.46974093425729,4.26288628125655,4.25972534361032,16.6090061166846
56037,"Sweetwater","Wyoming",449,"2021-04-14",5.08935845022578,966.330233142362,-0.00974356475520855,4.97243567316328,5.0201742301777,5.02115349693932,-71.1389720265794
56039,"Teton","Wyoming",449,"2021-04-14",5.04434635143857,678.314554007953,-0.0215476556986479,4.79035746656184,4.89292259270587,4.89351276154803,-32.1681017301311
56041,"Uinta","Wyoming",449,"2021-04-14",3.71008166176454,680.312403842003,-0.0156775909556286,3.51667811370869,3.59855004628018,3.60033852507514,-44.2126078248706
78010,"St. Croix","Virgin Islands",449,"2021-04-14",4.87192042239884,308.381447593451,0.0357964869173705,5.28422557998219,5.11696873865583,5.12249583082043,19.3635532492321
78030,"St. Thomas","Virgin Islands",449,"2021-04-14",4.40671924726425,322.7700393679,0.0361814186098109,4.82044897699866,4.65708924610027,4.65998917753293,19.1575457014279
99999,"New York City","New York",449,"2021-04-14",11.4222471130985,-581.484178526946,0.0111383942846451,11.5559078445142,11.4984910831634,11.500215873091,62.2304402992349
